10983
9944
4881
5837
5163
3017
2804
2745
10848
9758
4546
7950
2648
5487
2984
6253
1086
2229
2183
4085
8624
8592
8505
5105
11455
7035
4175
4170
6316
9675
8473
8153
1410
9089
9146
4159
8987
4765
1857
9648
2043
11661
4830
5501
2394
1400
299
8262
10232
385
11502
3209
9968
7139
9733
9434
713
3304
8379
6895
2289
9159
5252
31
1816
3536
6485
2342
1835
9091
2468
3846
6094
5428
2167
9007
10229
3559
646
11294
6882
3623
11866
2986
8343
11398
3663
5068
7674
5155
10269
7178
10738
1199
6844
8867
5404
9316
4993
6212
3602
9565
10132
3551
2521
6270
1466
8535
4335
10528
11643
10847
9048
1576
5789
1943
6193
11757
262
11489
4836
9070
3408
7199
3065
5363
11012
4270
1050
8068
4232
4142
9464
3023
6687
9405
6571
7213
5713
4853
11218
6120
8779
10879
7406
2260
8495
7561
5315
7474
825
5455
4341
5529
1479
1468
10149
4500
2527
6326
5565
10548
4094
5492
1654
3689
1864
8731
7677
8961
11846
6879
7680
4460
8193
8229
1553
8209
3038
381
7131
1780
5667
10536
4606
11854
5584
5087
10805
7654
1426
3487
5448
4584
11694
4930
4712
8351
2290
11817
8280
2669
6665
7816
6468
2270
11761
9701
3134
2347
3105
4649
4555
7015
11759
11449
7312
5159
5976
643
2021
8206
10977
9014
4512
11632
4116
2205
8203
5419
4443
584
2765
2858
3953
9814
5406
5140
2686
10599
11788
10138
9946
7940
2035
879
1100
8628
8408
8150
3047
6211
1871
8986
4298
11554
7433
1930
5745
3202
9179
3582
9694
6811
10594
11758
4866
7109
2407
1788
5661
5737
37
23
9607
5210
9859
8070
9502
3739
3756
4316
4481
1819
10818
4794
7845
2558
3090
3072
6725
10643
4060
446
1396
7142
3644
9212
8118
6951
8788
7386
5772
3686
4515
7430
3988
4769
11783
3442
9704
5069
8140
10223
11366
4604
4243
3061
9371
7390
7436
5922
555
5859
5910
1367
7639
4875
5781
8428
10628
5572
3403
10690
2989
9515
746
631
11335
3481
4943
1375
10409
4282
9697
5138
3045
5845
4144
9362
6872
3093
6878
2795
6719
2587
7318
6569
4792
3522
6822
9018
2776
3648
2743
5509
4759
7214
859
10890
9388
900
9280
11656
6423
10671
4050
5982
1378
3306
6637
8890
1334
2563
8520
1983
2380
5045
1195
10091
2979
6502
1812
7384
2133
4213
11028
8005
5119
2833
7350
11426
4904
8921
5283
6162
11867
9170
7804
4983
5522
2574
1723
6089
11904
8813
11216
3607
2818
8329
9894
10550
244
5681
4738
6299
9064
5102
11707
7342
7259
5691
10844
9153
877
7397
9245
9757
7931
4057
2786
8894
4795
7122
3606
10830
8927
8670
5235
641
9178
69
10572
1965
9819
4377
6714
8604
4461
7952
6816
6382
10779
690
6952
11179
6365
2459
3643
9728
3509
10730
9169
3547
2416
10189
8163
11653
5022
8008
542
11534
2909
271
5835
11570
7412
7082
5340
7617
10344
4219
6716
5320
2816
1785
1681
11025
1521
5552
4632
2961
9140
4183
4406
3662
3564
9301
1557
9985
10812
10078
1522
6887
3272
11488
6111
9880
10715
4135
11260
1888
1358
2925
8088
2802
10150
9797
8131
3488
11207
9078
3848
4592
3869
10770
5612
9958
2727
10971
7824
10009
11650
8
4720
2019
627
7712
11240
10752
1810
7461
7310
9162
4867
9440
6277
6651
2674
8146
10102
6906
9883
5176
7217
1978
1529
3948
1084
8207
2946
3956
5090
3394
2028
9436
8247
10177
3069
3142
4063
8712
11594
5673
5392
8036
1118
1394
10610
10076
9279
8301
3063
3616
6660
5197
1602
6156
10333
3986
10143
2893
1405
7077
9367
2143
4145
3161
8080
4030
1513
4037
9339
852
4704
6666
8754
6588
8879
4734
5211
5911
4267
7662
6276
10415
6877
11849
8811
7499
9739
7444
1652
9707
7878
2973
11219
2879
2055
5162
10972
3795
6778
2462
4052
3861
3978
3374
3320
10491
3380
6068
9767
8513
10334
9927
9111
3240
11863
11487
7254
10998
5257
8275
2619
7544
6249
7885
11295
9662
1603
10892
11192
5146
7722
7464
4878
6207
8449
4372
4400
10959
3642
4208
7808
7971
11840
7096
4796
5137
9328
5076
6645
3722
11158
802
1698
2739
8109
4244
3992
10183
1495
2348
11610
11113
6957
8876
4185
3505
1745
6182
6617
402
1993
2230
7585
6587
5175
4532
1941
5629
7054
8512
6132
2709
7773
562
3330
10290
6780
2779
4126
10705
6674
9208
7194
4557
11022
7127
3782
6883
7449
3736
1493
8507
4488
6834
9553
5628
2063
5645
5948
10807
5674
971
3041
9760
4995
7881
4446
2559
6093
1910
6599
3806
2193
1055
7690
593
7727
3704
9581
2520
6203
11084
9914
1283
2294
2757
9139
5482
7517
3882
5160
9667
10950
10756
2546
6436
421
1216
768
4065
9206
5133
1889
11305
5627
9072
11874
7223
5724
10574
6031
8192
2159
2150
8667
2135
3172
2510
4019
5586
9319
3647
11416
11735
928
1963
25
2385
642
7633
2050
9398
2582
1875
11243
1601
315
8341
9129
6897
1027
4902
2808
9782
8124
8204
6127
10861
1391
3727
5503
1339
1233
3484
6820
6397
9047
9748
995
3128
1992
8185
6802
2155
1331
1526
9310
5387
343
9564
4880
2145
6286
2754
10444
3652
7900
8905
11056
9196
4942
3958
3780
8375
2638
5132
11273
10285
9345
9213
11505
8886
5677
1335
10806
7817
4939
7589
2700
166
11392
11716
305
1922
6491
7244
5688
5510
3135
5788
10461
10330
6410
1364
3251
3028
5100
6033
4736
10979
6133
3876
1649
8909
10923
10866
11821
357
1706
8024
10797
4979
6936
3311
30
10386
11209
8747
1580
5889
3959
8524
8735
3223
2650
5251
7301
5130
3718
5047
2716
2827
10475
6374
1769
11688
4710
9995
6808
7753
4204
4319
11686
11047
4337
2955
3437
7914
9391
3153
4437
3427
9636
7076
10254
3898
4287
2883
3914
3640
294
10135
5284
1715
2147
5856
4169
4032
1374
11715
3548
1796
8460
10593
10811
3095
5512
5471
3348
6748
9702
1779
5526
4492
8013
5490
3561
1949
8854
3157
2616
3034
2307
11205
3920
6801
1123
6408
3985
7908
9413
4950
3234
1514
7157
6613
11390
5669
11785
8946
11321
5454
11447
6641
3010
2583
7622
5020
7101
6195
7121
4760
2398
11532
8199
9845
6226
8115
7282
7047
3363
10448
10455
2088
7381
9803
9698
11535
3103
3164
10831
10215
4921
6314
1182
9744
7083
11868
5652
10105
1846
4777
917
396
2775
9594
10194
3588
7716
9673
10025
5
4702
1506
1642
5082
6231
9965
3960
4941
8105
9182
9266
4863
2948
11738
5980
4578
5256
4360
218
2116
6648
534
5704
3935
7271
3221
5023
10490
7439
6244
2886
4178
8764
9427
7148
10388
10440
2943
6027
4066
10625
7531
6046
3930
3798
9308
5665
10559
11106
4345
4093
2258
3517
7586
10479
2509
4119
6147
1876
415
9499
2417
3572
4307
5384
9671
11287
2654
3264
7681
7761
6941
5879
1630
9241
10700
6454
1181
11720
9789
6544
5913
332
3198
1770
3971
7414
8807
10702
6946
9183
1897
8871
2815
10484
8760
8339
7596
8250
4739
5208
4056
11614
7969
1935
7391
9157
3961
3242
3639
6759
9017
6402
7354
9062
10857
11674
1775
10605
6181
2875
6174
9953
417
10788
5805
6711
10158
10248
11514
7407
3787
2434
7758
9962
9663
3748
11903
1989
6461
7218
10120
11722
8979
10949
4549
6288
7477
620
647
5118
5548
9773
3423
7332
8926
5388
4935
10452
3778
7884
2689
7010
11145
5919
7876
1950
11384
3808
4171
9429
7138
4392
6903
8657
11417
4545
1621
9103
6308
5053
4163
2140
3378
2891
3325
11471
5236
1921
2662
2421
9484
9949
5444
826
1284
10123
4614
6828
11031
2130
11778
3847
6332
9536
2174
9200
9645
4250
1298
10037
7723
5730
6740
7877
8313
11906
7957
2659
8997
9753
7415
9250
3175
6073
4239
2900
4709
6832
7231
4679
6385
1907
3229
63
9543
6853
6914
2675
3510
3923
6190
9214
9611
3070
6973
7283
7961
5869
4352
11550
9979
2214
7321
6259
2007
4665
1277
3239
8183
4848
1893
6940
2811
8464
6968
6690
2561
11825
