AaClI1TAZDXaDFbD7AowOg,202,40.733685,-74.00278
LgHkZH5ugqhvbxZWlobKgA,259,40.733609,-74.00282
70K9SgWQeBmPCNuE9U69kQ,168,40.733587,-74.002799
Jm2Bpp1aHAj9mZ8J1E8cWg,146,40.733501,-74.002713
wayVD61HjS1E_FjinDk84Q,145,40.733453,-74.002665
Pw4FjGBEsLFqCp2bQdmHtg,244,40.733348,-74.002634
ugqq7wHwaTwuB2hLssr7gQ,144,40.733365,-74.002579
5wu28U37P-2M8mIT6p0OFg,170,40.733323,-74.002532
gBG-fMKzjtf6xNw2LWLZqA,136,40.733287,-74.002478
CMAt9TWFWRVQkrPeE3u8Zg,121,40.733233,-74.002368
wKWjShRLo8Q0J0J7qpnvHg,122,40.733184,-74.002269
OjjGlHBX5NTxxjk-YeI4SA,122,40.733135,-74.002169
njpUL1JBZs2K2HjWiz7TBA,122,40.733086,-74.002069
OvubmKYKUInGTkuTHubpyw,122,40.733037,-74.00197
nToNTeA-t6CcOQ4XFyUqhQ,122,40.732974,-74.001842
jCIEX5e9W2dBEGmPRmVxsw,122,40.732945,-74.001783
ZuEejKR26s-AzxMJ1Z4adQ,122,40.732896,-74.001683
HiHu7gfeaXwAA0HwZ5H0UA,123,40.732847,-74.001584
D65SO46293i-OZ_SImhvkw,122,40.732797,-74.001484
q5XEyffYDwEBF6L-dXfEmg,122,40.732748,-74.001385
O8tkpRtKFBazgdZUIv6lnQ,122,40.732699,-74.001286
46r61AryRBkDKbOZjUoSgg,122,40.73265,-74.001186
Fnzb_XiXZtR3NY7ksYoSdw,122,40.732601,-74.001087
Wn11773_qPXa-9L_sIhcUA,122,40.732552,-74.000987
UsUKxKsq26uGCMG5TqepkA,122,40.732503,-74.000888
FVElxAAkUgx4jKIHYrSu-A,120,40.732457,-74.000795
J5KZjXD1FeRalVZhdBpeRQ,83,40.732358,-74.000594
i2JxSGOim3eIbFaA_OLC2A,28,40.732325,-74.000528
TYBFI8733Dkb_YSDaRsRcA,28,40.732369,-74.000496
TqMKeKSrvXneBRaqY1zhQw,29,40.732449,-74.000437
cz4xzYnqLPa2mm3837SXvg,29,40.732523,-74.000383
oNvcPjNd9g8WHKBvOTlnVg,29,40.732608,-74.000321
536ffXINi2Q_iJytgmZ0bA,28,40.732692,-74.000259
vl7nnqiH-pZVcVyI3jwgTA,28,40.732773,-74.0002
wVYEa5hVyluRtsYiLiwEsQ,28,40.732851,-74.000143
1oske2V5FOMFQFrthSOJ-w,28,40.732932,-74.000084
brjkz5SvkOaEmiff58PfdA,304,40.732958,-74.000132
2VvJj6RLgMBmHbW09OXGOg,301,40.733008,-74.000232
NwHThHjTPTSDSOfyOyqkGw,301,40.733057,-74.000331
6waI1AMkM2-kaBIYIzVBFw,301,40.733106,-74.00043
UW1l6X4w-aFOg5-7fUrGxQ,303,40.732151,-73.982345
FguKMwKmVUN8rQrxAVLjoQ,300,40.732195,-73.982448
6XhEZXfQqM4LA7KQlR3TGw,296,40.73224,-73.982551
YH3AF5t4B8JpeXyb0FBufw,299,40.732289,-73.982664
L6OAqpgpUSDNhLhsTKUJYg,296,40.732342,-73.982788
WepD1s4DA7RKDhekYb7MbA,297,40.732391,-73.982901
b6t_NTjifqr6dbskoowCRA,297,40.73244,-73.983015
98LfNlU_2nSnJ9YQIeYCSw,296,40.732485,-73.983118
m-_U9PS6OsS95SJZPsJHHg,298,40.73253,-73.983221
80oIhm4ATQ01uDurRLyb5A,298,40.732574,-73.983324
jVIcR-IO-P_ek0_9XyBhIQ,299,40.732619,-73.983427
TA1dDEXPSuUjd3iB_9VPNQ,298,40.732663,-73.98353
6bX_O3CKGdqpckeOuzpXtg,297,40.732706,-73.983628
LMjZFMu-qkYFQg9eaQ0v6A,298,40.732776,-73.983794
OGum86_coFXjrj93jg8f7Q,298,40.732819,-73.983897
wgfRjd1shFPqRe_PG3a6dQ,298,40.732863,-73.984
0YYnnsCm1DGp6f6YJ381hg,299,40.732929,-73.984155
KoiqOPfhbSTQbfWb-Kv1eA,297,40.732972,-73.984259
Wg43W3NUXt1Vvn-OA65pzA,288,40.733016,-73.984363
6wmCyFGbJvVZqNkpSH-Xfw,208,40.733043,-73.984408
3GKPcm4fHPgrRTMdenkblw,208,40.733001,-73.984439
VuETgzq4C6eHG4j0hGAiPg,208,40.732922,-73.9845
iEaARGm3JUiqtLOTEas0NQ,208,40.732843,-73.98456
-lBrj-JUyMbsuW3LfjTcQg,209,40.732764,-73.98462
omefWjl7BoLYZDFRotO2ig,208,40.732672,-73.98469
EoAjEBo4rv0SxCSeXuMB-A,111,40.721979,-73.985683
vh1Xcpf_snBt52YpL78L8g,111,40.721959,-73.985617
bu-kXHmFG7P1CsrWPb1e3g,110,40.721939,-73.985553
g--ySTqW-rM5d5MVX9osbg,110,40.721925,-73.985507
_zpIQjsOVHNo9v4NHMSCWg,110,40.721907,-73.985446
BE0FrMp51ctQ9p8CyG5X7Q,111,40.721859,-73.985288
zFSDvvX3BP6bOC4U_b3agQ,112,40.721826,-73.985178
YJgwd0y4-pF64s0ACDKz9Q,112,40.721793,-73.985069
sg6eJxpmGYZavjF1qLs68w,113,40.72176,-73.984961
DEEr4TKSdK10TH-BeutsLg,114,40.721727,-73.984851
1wQ_9aROUojzRggz-z_v0w,121,40.721712,-73.984807
Wn43uFp-jjke5njklZApIw,112,40.72167,-73.984682
IIGwordgJXdPSFIayZsTlw,112,40.72164,-73.984579
Mt5yjLI1fkFAucJu1JZYBg,110,40.721597,-73.984424
Pa0on9d5OT8L6thYRjWSFQ,111,40.721546,-73.984259
07a46OGperhlS5DdTHqYlA,110,40.721512,-73.984149
l4dXA5NQ2xA56auaLf8g3Q,111,40.721461,-73.983986
i8L8eNQPUdtkkXR3WPI98Q,111,40.721431,-73.983866
ed1rT3DeoYh1tAERbxiDlQ,111,40.721414,-73.983811
qH8spaoA3Zib_stgbFaCRA,54,40.721464,-73.983847
Drf9gIAT2QINvya8NaEEQg,291,40.721543,-73.983799
zPqn2hd8zQwqrty90yYHEQ,331,40.721579,-73.983773
YcccPM-YzVmbnCjKiP9z5Q,28,40.721703,-73.983685
SuEOogIRezVrcp8YInXEQw,28,40.721783,-73.98363
I94gZYVFQvMnTI1LgYay3g,30,40.721862,-73.983574
25gUVPBmzpH6RCNzafveHA,31,40.721949,-73.983513
tfjxjgI-yB7eOWlpnvldQg,300,40.722025,-73.983442
ezATsag6wepWM1ZzPTSOMQ,300,40.722048,-73.983496
8twg2Efb4Ekc981r4hMrWQ,119,40.736873,-73.995669
DGhJI6B4aiahUC1XAvpzOw,118,40.736827,-73.99556
XF2SkDV9O38njSOoM6iQxQ,119,40.736784,-73.995456
olOfSzgu0Q5rIZ1FtPLCeA,120,40.736741,-73.995354
iLPtv-q5SBDarIGM7hI7kg,120,40.736698,-73.995254
SIgz3a_s3aia4Unwphxz8A,120,40.736658,-73.995157
9y7foopSxroRh7zk_1MM8Q,118,40.736577,-73.994965
cdS4KkVHcnkkIw9gLNsjIw,119,40.736535,-73.994865
Zb1sMau0TSlckdFa8acfPQ,119,40.736498,-73.994777
e8YITNMviduL1CJPiap-Pw,117,40.736453,-73.99467
czq_Ytg2Y67j-SwSUc55IA,118,40.736404,-73.994555
9FhymiCm6MUjcJot_KjIag,119,40.736354,-73.994435
liutvVuzNEFSptexIeY2jA,119,40.736305,-73.994319
MxRpQd9fGSJ6iTSN8kzxfg,118,40.736258,-73.994207
YUoAt50osloVEtYTtlLJkQ,119,40.736214,-73.994103
CUsMcefSK0ZaXujoME89iA,119,40.73618,-73.994023
6-1ueq_UP-WOMhv7e-ln_A,119,40.736131,-73.993907
3IuCPyZpWuL4jn9JXnXooA,118,40.736088,-73.993804
rwpttYGNLIWfunUhSCnKWg,118,40.736023,-73.99365
C9kLYQzwQuJuGFE7Xp7vYg,208,40.735976,-73.993661
jh3sz_8xGPB_3cDRnXbj-Q,208,40.735889,-73.993724
t9xb8Wi9v1SP4qLyVBmKLg,207,40.735802,-73.993786
D1YwGpdzbfLNxL-kyBpqLQ,207,40.735723,-73.993843
Ieae_-Pc8maPqnqtYNeVzQ,207,40.735644,-73.993899
ecOVk3005ZENTt5qrfQLoA,208,40.735565,-73.993956
GcIhzUxamsopt1p5Shyv4Q,208,40.735486,-73.994013
BhIlEbtIZfIx_NCdf-uosA,208,40.735407,-73.99407
rRUWsYYRx1g6AHRT-jHO4g,208,40.735326,-73.994128
7mvXtGU4NEYDA9w6jaDvSA,297,40.73539,-73.994299
D-Z69X_bCxGouzD89uHPBg,298,40.735436,-73.99441
YAtK-ch4WnvlmgELUMBxuA,299,40.73548,-73.994515
a1OfDIJe_VGga7G2y74X_Q,298,40.735523,-73.994619
FzLK8q8t0tqfXV5LHfyWYg,298,40.735567,-73.994724
hbg2PWqfpTriJwEZT2qPsA,301,40.735611,-73.994832
Vcs-BV4ooKG-53mOjDH_rQ,121,40.742266,-74.004395
tInYofu0_5Gn1m4S4J-_Zg,121,40.742218,-74.004281
PNzd0Q2mCGq9kUFsNhdRVA,120,40.742175,-74.004177
iXd53Pd9ITAGxrApbyGxLA,118,40.742131,-74.004073
VIqZBtXb7Agsh4YNT9-D-w,118,40.742087,-74.003969
mhQ95oR8lIsZ9g9EPKjomA,117,40.742048,-74.003876
-mj1T7FBA9Lg1ruldVKYAA,119,40.741994,-74.003749
QGTy28Jf5jmIf_jfA9BwIg,115,40.741968,-74.003686
JjnNCnAEtO2jSckB84Fjow,117,40.741917,-74.003565
ph4oD_RvZJWXYitmCwi6Sw,120,40.741852,-74.003412
E9CHBtmmzlVsIdp_gjR45g,117,40.741807,-74.003303
inBRnAua4YfluyaTmHBlIQ,117,40.741762,-74.003196
c9rmxAYE-vPcQaFNsUta5w,117,40.741718,-74.003092
-MDb9kUY1OYLlwuTu2VbOg,117,40.741673,-74.002984
A5RKmRTS2uucMSDntnRAHw,118,40.741629,-74.00288
xGsZ2PnnAzhEITE1XDqBUA,118,40.741585,-74.002776
XlIjfrdGXLXacuz5ccdSoQ,118,40.741542,-74.002673
DOHK1T2OmMrNIJphaMfekQ,118,40.741498,-74.002569
xkvxj-UthC7C7J1OBRBkqg,118,40.741455,-74.002465
AyqLzGiD5If9KJISts-nAQ,118,40.741411,-74.002361
x50B-VVf4OMYFXICwYbocg,118,40.741348,-74.002211
k2C9i3xN_pG48qmM9JzZsQ,118,40.741322,-74.002149
akDfH8XC7OLLR_Q6O2YWtQ,118,40.741278,-74.002045
iHHQJ-YJczfR22n1cidmRQ,118,40.741185,-74.001828
7qSCJDNvi5W8Fw__5unOpw,117,40.741137,-74.001714
85uuUii0eEp-bgU44a93FA,119,40.741071,-74.001559
vUp0kfOSX4blzsOeLT6ntQ,23,40.741108,-74.001534
JcBq6FvYzbXxet9gSX_5_Q,26,40.741179,-74.001484
7kNbY6CYCRLbmktiqLSFzA,27,40.741253,-74.001432
bMnpHh8vMhbuAAXc_vL3HQ,23,40.741319,-74.001385
eOPdFKFpnjB5iVQvmS5-xg,15,40.741389,-74.001336
IYSjbD4YdiGQ3quDdiNgow,16,40.74147,-74.001276
MQ5oUUDQUCOuFFrooChCDA,26,40.741566,-74.001205
A8ivgoOVkXWKTerDT07rew,298,40.728967,-73.979054
Z3H0H4bb41UQBVU4ItSU1A,297,40.729009,-73.979154
N6VPnCKY3dDsflk8mwkoug,295,40.729052,-73.979256
aVK2IH0EjlhpcpEEPmM_qg,295,40.729138,-73.97946
MtwMYv7ms5mTu-rk2HR67g,296,40.729185,-73.97957
QTEx3jCnIuMu3_tRycX4og,298,40.729231,-73.979678
LPhcaxlAOwpko67hAe0WSQ,300,40.729275,-73.979783
ysthp499oc-lf_FYhUqZFQ,300,40.729318,-73.979885
uUVIW0edZ5q8RRp_DSHJow,300,40.729363,-73.97999
Z6xJlf-ej3vGe9GxoTeTUA,300,40.729407,-73.980096
HCgKNTZdGElXx0Ocog3WnA,299,40.729451,-73.980198
1ISWUvHXO-D32oeEjaRacA,298,40.729494,-73.980301
DzqolQpvbYgq-eT3iDv4Jw,298,40.729538,-73.980405
TPGrxXRNoWXHAOfHxkWI8Q,298,40.729585,-73.980515
VA8G9s3uZMN1DpvWi3dGvQ,298,40.729629,-73.98062
k_I5EPsF8iZWCV0iR5Xqwg,300,40.729673,-73.980723
G2hhrxAP8cVOt1qmCyJ59g,300,40.729716,-73.980827
8F4d7B1mFKiV5PzfitXnHg,28,40.729726,-73.980848
55tw0HvbgGrx3k4w1hlHqw,28,40.729765,-73.98082
fNXZ93BV0CGPAA4TKN3FNg,28,40.729844,-73.980763
PMPlyaMRCDLcSATW8Rwm0A,28,40.729923,-73.980706
8v1DVACoKQtSWLTy9X9URA,28,40.730002,-73.980649
nhivODkVy5HmEhG_J0LAlQ,28,40.73008,-73.980592
1dIHAqK89Vdj-6szwkW-Pg,28,40.730159,-73.980535
9Q_ThFFSCaeIbHJlZpHTlQ,27,40.730238,-73.980478
fPBIGQHwEmQHlFdBvsYtSw,27,40.730317,-73.980421
0qnA_tNioCvGD37fmhsapw,351,40.730417,-73.980349
cOHRHYfaro9G85wgYhFqdA,300,40.730439,-73.9804
ckz_uOkUHDUwssLYpFdNUw,299,40.730364,-73.980217
r-TsiOMYbKHvn4MAGmbIbw,299,40.730332,-73.98014
zBfNzNk4Mm-rDpspIvHFcA,300,40.730292,-73.980041
4LfKR1EPBS-O2afSNNL1Rw,300,40.73023,-73.979892
DLkAcO393z6c5-IPv1StJQ,298,40.730189,-73.979794
vxXrGweO6SDwKE0SapCwrg,298,40.730147,-73.979692
ZyvYqhBlpMk5SIHXwOQP4A,299,40.730104,-73.979588
voVF02KopVzixwEhot1ijw,299,40.73006,-73.979484
qwY1Walhsw5MELSlbnyQFw,299,40.730017,-73.979381
fZnfjri30jX63PnvGqviLQ,298,40.729973,-73.979277
jFqtpZ2Zk2I6r_0GPe4CBw,298,40.72993,-73.979173
Q---scrcfBB-YXRgBbTB-w,298,40.729886,-73.979069
_9QrSj_Os2FbLpsx8Vx6Cg,208,40.760321,-73.991266
5ITG_G7VUaanqnDdpunTrw,208,40.760242,-73.991323
6yqplA8nA9Jhb1e_xVZGGQ,208,40.760101,-73.991427
0wE6axap7dj1qmn4rXTzVA,208,40.760022,-73.991484
3KqKKj1TmZuJEOZMdbxDFg,208,40.759938,-73.991545
O0VWr8ynRBO0GihRp_kwVg,208,40.759899,-73.991574
IaQdSIEo8zsIgnNuBrIqyQ,208,40.759828,-73.991627
gL_ddWbqF_43-_uEnzrEWA,208,40.759735,-73.991697
lZ01djzqycDP2Q_pUPSCqw,117,40.75974,-73.99171
EEr1fMxAX6pwCFgrbySEBQ,138,40.759674,-73.991551
Z1PbH8EiC_UbQfYWfXPxuQ,112,40.759636,-73.99146
xnrwjnSHt9S5lef9_3XwxA,112,40.759587,-73.991343
8wSeB1wzKHEEROwcOLtxnw,116,40.759545,-73.991243
svB62DOPbGvgZLrvNSH13g,117,40.75949,-73.991111
RCnAt06Z9YRq0adMJl7XqQ,118,40.75944,-73.990993
1bGX-jxd2jFltlLzppbi6w,119,40.759397,-73.99089
bpTD_75MjdoVxD39EZsavA,118,40.75935,-73.990777
WjMNYFMG6CnPoeJRdthNmA,118,40.759304,-73.990667
9eVUhdkTI_g2yIVGkgmcSA,118,40.759259,-73.990558
aopI6T9aoGnExvlurEHHAA,118,40.759212,-73.990446
NA4Q1pflXwiSX_iFf6H26g,28,40.742202,-73.980697
2yngsIQGSOWN5Ne0IEgkxA,27,40.742282,-73.980637
bWNciHDDT0cQs67LqB8ZxQ,28,40.742361,-73.980577
tpyicSKrNpWf8GyQQ3QwKw,29,40.742439,-73.980518
7QNZ_qcWyNX2Zp7GqYw5Kw,29,40.742517,-73.980459
uITkFAsbp-O5xm72yYbASQ,29,40.742593,-73.980401
NYLUUK699Hxln3hWur_TfA,298,40.742615,-73.98044
AOnwgnJMibTwTY7W-LKegg,298,40.742658,-73.980544
BL4nd02XzYQwXSUNFgR4gQ,300,40.742702,-73.980647
6c97hJlCiEYk8CXFre5d1w,297,40.742754,-73.980773
2paiOuKVHklEpxRjhRE5gA,299,40.742797,-73.980874
0eWc6foUHEeut4k-hZW3rg,299,40.742838,-73.980973
MYzvP_FdxuijzXmoN6Pu2Q,298,40.742925,-73.981181
FJBdYq7b_pq0K3y0QcT3MA,298,40.742965,-73.981276
tD1teygkssnhpIubz7nxCw,298,40.743009,-73.981381
iulJNQxOilmppYTtVt5c0g,298,40.743054,-73.98149
8YB3dvEZK3ed7Na3iznFhA,297,40.743084,-73.981559
LcDicjCd5KXJbfXT0aXl7Q,24,40.743102,-73.98168825
u5Qwj6rfsSqgXmTUBd7HrA,110,40.743120000000005,-73.9818175
j591TI9V-066wFR8m44R8w,195,40.743138,-73.98194675
6jZNK8Cn0Hcv-VKI3Pn78A,280,40.743156,-73.982076
gjy4GjbhqauPObecDHASUw,209,40.743078,-73.982135
NcOLodYmwMPhhmgbF-0A0A,209,40.743,-73.982194
PJnjP-DhGAalBBLkrL0Vjg,209,40.742922,-73.982252
meV7jgsa8181uMkiU65gSA,209,40.742844,-73.982311
5gQIG3gtumWAUkEsUka35w,209,40.742765,-73.982369
1zVyCprWVUlK2qFn0jU4zw,209,40.742687,-73.982428
RK7qKTu-yi5rDVHii2tiaQ,210,40.742641,-73.982462
etFCR57sOs5t6E3_8Kf8WA,119,40.742624,-73.982421
w1zr-NzJmQIXqLMPL6JijA,120,40.742581,-73.982317
3UYxo-L6xsPEG5dtPfjKzQ,119,40.742537,-73.982213
oItE5Qr26VPPWrxsviMu5Q,117,40.742494,-73.982109
vIUpjdufz0eP6E3gf335xQ,118,40.742446,-73.981995
ICbiy3rUEvJBG9AOf6eV7A,120,40.742389,-73.98186
QKoRdMPwk0kOu84QrF6nLw,118,40.742337,-73.981735
4IkwcUoBO43rdPkDNI6Q8g,115,40.742276,-73.98159
Zj__BfvHH_qUCoGQMXqrsA,121,40.742224,-73.981465
uBelIE8BOF7EcbqmgAT8lw,120,40.742181,-73.981361
q46rMkaQZ641RSrMZ1ZKOg,117,40.742137,-73.981257
VHKWGwnj-5vLdTtIPpkMKw,116,40.742085,-73.981132
eaPuakYje-9-1J_Tee3_TA,129,40.742033,-73.981008
zpxIAf5P7PbVpJTCKwId-w,301,40.730931,-73.983717
F0PV3F9uD6MJ2vr4NuCVrA,299,40.730976,-73.983824
gLAnMo_oenAnNinlFaeezA,297,40.731021,-73.98393
B26TSARZqoOAKPw_ANwgxQ,298,40.731065,-73.984034
rzueN7KVbtyRH7B0dcYJgA,298,40.73111,-73.984139
Z7szB1SlBlbBGfYmmi8cgg,296,40.731154,-73.984244
KvSeFAArz8b6W3KDYE_3lA,297,40.731197,-73.984345
WLWgKkNbi2eoyzYyuMaEPw,297,40.731244,-73.984455
-iBCeFk6jzxJ49mEG17HiQ,298,40.731289,-73.984562
BDpa8UEnsHh0W4Wv207BOA,299,40.731334,-73.984667
i9e9CZ90GGSLL_6ZFujXJw,299,40.731377,-73.984769
3BTrIzEa5oO_kxXLHJFkMg,298,40.731421,-73.984871
jtubaUa6duQaVGE9I8CAlQ,299,40.731464,-73.984972
S761ZFVKqf1p5ZPAwINr2A,298,40.731507,-73.985075
G9YfDb8KLrnT2FEm9MKCSg,298,40.731585,-73.985258
qAm74BPngZK6BeGyoR7mkQ,299,40.731618,-73.985336
_Yfmidf_-rO9aPkyrhLBog,297,40.731659,-73.985432
7kfRuJuqfJI9UnLndK-LnA,208,40.731549,-73.985514
GfgzF9nz9Fy9stcOzDBWLQ,208,40.731471,-73.985573
hc5vhugRZ4FFG9lHIM8gOA,208,40.731393,-73.985631
CLjTcn8nDohRRfN6DUnL1A,208,40.731288,-73.985709
rx5-Ruspp5QD8CaPrdCEXg,208,40.731241,-73.985744
ON05vK9Q7qNbpta3WLQwmw,208,40.731163,-73.985802
NHoxlX90eK6EGqP-jM0Vrg,208,40.731084,-73.985859
SpMtnN336w3PQME85zt5Og,120,40.731007,-73.985935
997p1NfYRFjUGNdGhX-vdg,118,40.73094,-73.985775
7SWO1IZLvTwuGqQGdgS6Cg,116,40.730897,-73.985671
oQ7vGHsgB-8Ykv4TRlIlXg,118,40.730854,-73.985567
fHqqi9ENLdWAcpVm-18DSQ,118,40.73079,-73.985414
AGPxd2chXCq58ZhJazvqKQ,118,40.730768,-73.985361
koyJkCvAAWLHYLi2OLpedw,118,40.730725,-73.985257
oxZ_BEayIT7SzveSfFsQOw,118,40.730665,-73.985114
aX10CWs8zhqIzWVBLod6Qw,118,40.730624,-73.985014
KAMgrNBiEow3zk1ssavWaw,118,40.730583,-73.984917
oZI0w2XoaMLaD1BWWG7p3Q,118,40.730541,-73.984816
kk9V1B2kT8uIbSPRnT351g,31,40.719986,-73.998354
mfHOIVcGD_B_F2raTlUuCQ,32,40.720058,-73.998291
DR_wi2JyCP3IqHqF1KDR5A,32,40.72013,-73.99823
mxnhmqVVRjljm1fhiFEJqw,32,40.7202,-73.99817
o_tXJn-TsbkOHK9fncNJlg,33,40.720271,-73.998109
UoCsZCI8RUm-znhPuP3o0A,33,40.720338,-73.998051
LobOQkJuFiMqUG25ysRcrg,34,40.720416,-73.997985
N4MwOmAw4u4RrmTZR0kY2w,33,40.72049,-73.997923
9TMLSq2zj8lNdDgp1beNRg,32,40.720559,-73.997864
WyAG05tMRO_LyJMWnECSGg,14,40.72064,-73.997798
SewNb6WVgDu-h-TtI703eQ,29,40.720727,-73.997725
VtSmDGSL9Xlgp_fDaAV68w,23,40.720808,-73.997674
KSBSkZm4CltmSCmqDZwjpw,21,40.720858,-73.997652
mnT_anamdkj9xwJtM_5PYg,300,40.720849,-73.997714
chhEkHPfbjxm6ITmeeICRg,299,40.7209,-73.997826
p1BxBlwORb9S6qszVSlRzA,297,40.720951,-73.997938
lnkz_v6DhbjCM_ypPlU8tA,298,40.720997,-73.99804
3sxpuFYbjKm9Sv6GNqo5Sg,299,40.721063,-73.998184
MjJB40rZ33p5FYF2xgayIQ,214,40.721042,-73.998207
lN5C2L8lcVDh4hS3r0tXQQ,214,40.720966,-73.998273
LDL4oUsBVJoZsx_RPmc5tQ,214,40.720892,-73.998338
1hMtbtJcyEk1OavlW6I6Zg,213,40.720817,-73.998403
MtaX9hsHi-6t3NQutdumqg,213,40.720741,-73.998468
qcfb3kfNBQ1tsOdXuqt1pA,212,40.720669,-73.998531
RuFOpYjrMxOotruxG9wNWw,212,40.720597,-73.998593
fCqpR2K9z_UGtOOMgslZEA,211,40.720528,-73.998654
WW9MGkg2dwXDHM9CMxA8HA,211,40.720391,-73.998772
6My64iavoZi5NDKdlgPKiQ,225,40.720317,-73.998836
i4EQIS3yXmcuPCU-GiukLQ,215,40.720224,-73.998917
9yZPAUUqVwvSC9sqBzOO2g,215,40.720135,-73.998994
QuPuhvqKHGhV0JhcyB8AnQ,214,40.720053,-73.999066
BScgXqC9vW0oBepEmg6mjw,214,40.720012,-73.999102
1daDiXg4gCMOqSAa5pMWmw,213,40.719938,-73.999171
MFr_2lxf-zyhO5JuaEhhyQ,213,40.719862,-73.99924
pfveeYnQPs2MWl69cOWzwQ,118,40.739421,-73.99762
h88yfGsg9fx9X2Xe6KcqKQ,118,40.739378,-73.99752
3LC3-S2fW-oqE3LnU2Xc3A,118,40.739334,-73.997415
5h_TwmsI8EHsysuAFK5aKQ,114,40.73928,-73.997285
23I7qpXlyu2N5-BoDVRSrA,113,40.739234,-73.997177
_13VApYb_fJjg8bwwBepRw,118,40.739189,-73.997068
RZd0kza4Q9UwdSXeObK9zg,123,40.739146,-73.996967
vJEX3glooUomc4eGsKO_0A,123,40.739096,-73.996846
oXUautCtycLU9vCSVVJruA,119,40.739051,-73.996739
TdxVqy2hVge2KCr27jhpSg,116,40.739007,-73.996634
VIYjj3ud-PNh94khncbp7g,115,40.738962,-73.996528
IJUCOmMadF1PlO-UffXVvw,117,40.738917,-73.996421
aNDTx_1yggFCfpL3gjKHYQ,118,40.738875,-73.99632
_E4VRkSjEZzD02AGvxktRg,123,40.738782,-73.9961
Ditq9BSmTYQktv1jTH-tpw,116,40.73869,-73.995881
F_lUjX_F0yjpKVG_SiTdSg,29,40.738726,-73.995846
EjFYXacinS5JztMpES6z-Q,28,40.738853,-73.995755
wHk_C0b5dKMMJJMAUZOqZg,28,40.738948,-73.995688
dqZJIUiesg3v0cnQOTA6jw,29,40.739043,-73.99562
L0HFqi9F7ItnGdrGnUZCkw,29,40.73913,-73.995558
SNGODVepOKKO8ujBJsVOBQ,29,40.739209,-73.995502
_e1EGqztFULKuzvgJAVXcw,29,40.739287,-73.995447
t7BNhVwZ3QYpoDjtQzrWBQ,297,40.72354,-73.989032
VsxkLvfYTO0wF7thYWLxGQ,294,40.72358,-73.989126
SVvtcc2OgPbiap1Z0UBytw,294,40.723619,-73.989219
XrMxNoN5PTnsGQ9OF4nQvg,299,40.723645,-73.989281
r9qH2xXbcEqCCPurXC95Xw,298,40.723692,-73.989393
3qxlSg2zlOsCJ8jYERU44A,302,40.723736,-73.989497
Zz_QKmfFgwUilHTqUD_YMg,301,40.723782,-73.989605
21ixuJB3Edrqbn_RhrC8xg,300,40.723825,-73.989707
4t9fZujNMBlSWRdsTPJBuA,299,40.723869,-73.989811
S7uC6IJ1QrJS8ambORm0Kw,297,40.723911,-73.989912
wuk6GICfZ_kiJWmzf9HHkw,295,40.723954,-73.990012
ok6SeyqLuviJ2NtrUW6FEw,299,40.723996,-73.990112
vM3y3xx-tGXwljibsWADkQ,299,40.72404,-73.990216
u-7oRvYIoJQP5rBUY_l9Pw,288,40.724085,-73.990322
T7DBO-o7rLPVrpwJA2iang,298,40.724127,-73.990421
7l_IxlzUlyGB6tpn717w-g,302,40.724171,-73.990525
1gOFTiPWdxijf-MtD6WqvQ,300,40.72421,-73.990618
RxX_fegTwaTOuxx8LY5qIQ,308,40.724252,-73.990717
jwDPipOPN0Ynw_8pDjY-7w,302,40.7243,-73.990829
cmxV4ecSEKYdKP_73xZvkA,209,40.724143,-73.990945
9tIyqJCkMoK-NeTheN7vkg,202,40.724098,-73.990964
PvaxbXyALe8uHwHMzfUkXA,194,40.724019,-73.990978
Wp1_oomKmIkg6EA_T-o7uQ,190,40.723954,-73.99099
h1AWAk80EkFAL-vfJta9OQ,188,40.723858,-73.991007
SgUm9UDehZ6h5cQpgYpCdA,191,40.723762,-73.991027
nthWq5iU_4uoT4oGRRnUDQ,291,40.723742,-73.991032
QkVmf9Xk5h1_ukdULqVqOA,291,40.723703,-73.990894
sFUsC9Bn6Z2hTleguPJWEA,291,40.723667,-73.990772
sNtZUmJw_CxjtfzkDYX3Ng,291,40.723631,-73.990663
7NzsFLmgmR1PEbdt4gcMmQ,292,40.723582,-73.990511
qs9_NZkhCnqYd-S3SyuudQ,297,40.723546,-73.990402
67tQchUWUPeaS7yXa-jcyA,307,40.723511,-73.990293
oZb2Nt8xld3KaJa8SINnEg,291,40.723489,-73.990224
jZWDLeQsxwxL_-ckRbAhWw,290,40.723457,-73.990121
EG3LsvGov0pepu2zTFj-Dg,290,40.723425,-73.990015
RjglOgnALyuZ00VYhxTo4A,290,40.723394,-73.989912
jglciGjktiQgGkJL7DNb_A,290,40.723361,-73.989803
wj2iBDhd62rnjngyPB-5XQ,290,40.723326,-73.98969
lLDrox0J05DW1ZBrOmHmIw,291,40.723292,-73.989578
mvv4tcEYqfZ5qgDtzmBK3w,298,40.744782,-73.981803
_-TAzdGWQSJ0-5JLPL4i3A,299,40.744821,-73.981896
pyf4NyaaF5-Tx5k-4i1ogA,298,40.74486,-73.98199
qfVEYKhOErQy_8KSIlVK8w,298,40.744904,-73.982094
ZiGSGYy4Maz2oGNydOqlxw,299,40.744947,-73.982198
WOznX_LJN4iisKXzK5Dgdg,299,40.744991,-73.982301
od-HIxr0CseVMm93_L5eLg,299,40.745038,-73.982416
E3Xfd15Q6KGIAvGWW3rFcA,298,40.745075,-73.982502
XA7UghhpqlNqL_soQQgbTg,333,40.745287000000005,-73.982464
zPzeS9EBGqp8bRgTBGZcag,350,40.745393,-73.982445
0HhYilmWn8DFVzWHfPnpmQ,7,40.745499,-73.982426
ka-HfdyB5Wn5ILwhUOVM7g,28,40.745597,-73.982354
wctnuVWGTnJgOxjlp6lybQ,29,40.7456835,-73.982288
xWxSBXc0fy-sOlCjD9AW1Q,29,40.74576999999999,-73.98222200000001
c86dille1zo9AuYCwYvmAA,29,40.745856499999995,-73.982156
t52j8QSt4YOwP7kmYNfHLQ,30,40.745943,-73.98209
jZ60REHdeEm2oG9Ah8NLkg,30,40.746036,-73.982023
OoIsaXQ5lfCr5hftGxCL2g,28,40.74613,-73.981956
H_ywJxUnE-ED2EL8APd2DA,28,40.746334,-73.981809
UjCjh7CkNVFSCUxzYhu0nw,28,40.746391,-73.981769
FhHARJ-CtUyTyRUrdHckVg,28,40.74642,-73.981741
Q23EJCoz87jEevmJLJX0jg,28,40.746525,-73.981651
PP61ZotFBafkzPx1kM22dA,28,40.746567,-73.981621
sf4koQRCmDBUS0TyGYGdWg,28,40.746646,-73.981564
U9AYeVCLlnXZiUGW0HvYQA,28,40.746725,-73.981507
TuAVqOThBthFTSktWMA_pg,28,40.746804,-73.98145
byDfteNT9yuBdRgIb3kcJw,28,40.746956,-73.98134
Nvsw9VqyYw0ybl34aUiCFA,28,40.747039,-73.981255
budfcFovudWBwbPzPqzgpA,120,40.747098,-73.981399
zdPPO8aqdCEhURD12nILxg,121,40.747121,-73.981454
Hw27Hf_HZcDbK60c7Lfy6w,205,40.747076,-73.981469
9BHQKtB3vRwIO9QTQg65Tg,210,40.746998,-73.981527
SrVOo6pltwHQQFC3C6NSuA,210,40.746919,-73.981584
SJed7zHIIw4TCpsmR_Hbnw,207,40.746841,-73.981642
_bG92EzHRU6wjKt130PGlQ,206,40.746762,-73.9817
jfUeBjAVA7CZ1TJ4R_0aQA,212,40.726068,-73.9974
mtywNswkGlDUZ6bw3WRhCQ,230,40.725915,-73.997528
dwp388OD2rgzxcsM7sOz-Q,252,40.72586,-73.997574
9fFFig8ysgTOCjpwo-Gc0Q,221,40.725823,-73.997607
JE4HSd5G2B3YdXvAOvAARw,273,40.725899,-73.997653
k-w327jdIE9qs3Md19qzyw,300,40.72597,-73.997797
OOUncAX-b2D54u4aPhvlJg,301,40.726019,-73.997897
G4IEBLbTi6rAuEX4HfzjsQ,302,40.726078,-73.998016
cwlJ3SMSerSlgYCzly5ntg,303,40.726136,-73.998136
1kIY6fqHTu7KVeyjCFWwKQ,303,40.72619,-73.998245
tszlvRX-ufr-o3aaZ_ms1w,303,40.726227,-73.998317
VvLmspGM9X3kUqVTkkOaug,302,40.726267,-73.998398
cf9HuNin0rbUtBeIp_a5zg,302,40.726297,-73.998457
YtY1wWlwd9xk0ZUjAen4dA,302,40.726345,-73.998557
US9HIOJwJqIYKzJU9r8CnA,302,40.726443,-73.998757
heKqUCXKK6GK4JyaWCZWhw,302,40.726492,-73.998856
Hk9SMQWs0SH4LGaMO6XOQA,302,40.72654,-73.998956
3-6GO20Q0mY4tOj2uHMogg,302,40.726599,-73.999076
FrGfvsIUn1jFhLmZea3x_g,302,40.726671,-73.999219
pXhHU-sAaBSFHYiuGt80Pw,302,40.72673,-73.999336
iFYOPLP5qkg5FSSQMKnMXw,302,40.726799,-73.999476
YwynVaoCwY0mue6Lzl8sqQ,302,40.726847,-73.999576
yqGzeqGbcZwiLJRg4Ij24w,302,40.726877,-73.999636
tI8AJ4N0_9Rhl-FLFZ1woA,302,40.726898,-73.999677
izbbSeyBD8vJtGfDeqqmsg,302,40.726951,-73.999777
8_joJydYMvJ04EZVUXH-cg,301,40.726999,-73.999876
bq2ELa-7eDsWBLLH1KpjTA,35,40.727091,-73.999799
7NKuD38ocR0wBijG_Ct7CQ,32,40.727168,-73.999734
63MC68VCtt_No5YOiOezjg,32,40.727243,-73.999671
ueegGDVIpr5M1Y7dh81fPg,32,40.727316,-73.999609
ecydLmS5Wj_HAjaaHV74TA,288,40.717735,-73.985052
D6vDv5TzrhCBhsuNrtxApg,288,40.717767,-73.985158
2se5AhcwNwDEPhUPTKHK8g,290,40.717801,-73.985271
K_F6QYZ8JZSdtpukEd9SWA,291,40.717813,-73.98531
wEmttz2_7cX8TjZeckvxSA,290,40.717871,-73.985494
CcBionXnHfDugDyzHZdVGg,297,40.717904,-73.985599
uukXn3JK8KA5IN_r4SoVNA,10,40.717922,-73.985656
ffVQ905Ygvt6ko4asgwIsA,19,40.717981,-73.985627
OQZwR1m52MBuLyGyg97tKg,20,40.718057,-73.985589
kYY4h35m9dhPeerdTEUerw,20,40.718141,-73.985547
yc4RV5zqhb6U9UHoAwtnrQ,21,40.718234,-73.985501
1bvNGAX2YCLO7qdKxAIthw,20,40.718318,-73.985459
WXCyY07_pTiiIBKQKHOOOg,20,40.718402,-73.985417
p3_PsrOaAWYzDtDqJHWgrw,20,40.718494,-73.98537
Cn3sR8xPbgacYdUeANpDuA,20,40.718578,-73.985328
OruIEmjqmRbpBke4kv3--g,20,40.718662,-73.985286
_LUZTxrS_6IcaNj0w2OVzA,22,40.718747,-73.985244
fr6BhPmyShhyDEuktQu0kg,22,40.718839,-73.985198
OV9VmDVlXkLnRaAA5erdPw,21,40.718923,-73.985156
UtRbCS5tyaYEv_wxkCXLVg,21,40.719083,-73.985076
hyK0DGO7tk8_6FXSRSrQlA,22,40.719123,-73.985056
LD82Vzily4VDNfENRxe1Yg,20,40.719207,-73.985014
iY1HqQmo5LC7_tZY6pym9Q,14,40.719289,-73.984972
r4glrpl7xuCI6Zpj01rU5A,22,40.719366,-73.984933
Svyv5s9GeDVpCs7kPB7aWQ,21,40.719459,-73.984887
tBhgcF63hff2YA2ouZDAXg,18,40.719547,-73.984842
ptvzQPC6jqqW09cDZtbKcQ,25,40.719715,-73.984758
Po18aiabZcgu-VMNl5iEKA,23,40.719802,-73.984713
vhlcEA8Tfy51168Z_AQXyA,22,40.719889,-73.98467
L9jF6NhaZypKSXul8cEVrw,20,40.719971,-73.984628
M79Xll31nyGeiCtZeun7TQ,19,40.720051,-73.984588
7yvSy7mhJVJoiSYQac9qhg,21,40.720164,-73.984531
6TnlxwOb0unFrJm2HocILg,57,40.720248,-73.984488
cS7LVxHRKhzOb9Hj7C7aTg,113,40.720258,-73.984483
a3bdth-QPZ4VsE9QdXa8hw,113,40.720237,-73.984418
VnLfVsuahvaY65u_0Y9Uzw,113,40.720205,-73.98432
b1rsp_RERgDQTmVnqzl2Ug,110,40.720167,-73.984199
wXRsSMzl2d5VYKIky4X0yg,212,40.724699,-74.002789
XFmQ8Q4Rh6JYdSwK6OTbow,213,40.724624,-74.002852
P5f_AetqwjrYNlV7fhaR9g,213,40.724551,-74.002914
zE3rZ0W8Zq7l7w9G6ndHXg,212,40.724476,-74.002977
BoGgHFDMiCobFLEMLFD8JA,212,40.724401,-74.003039
6CBRPnw7YLhXHkJ9Pd24Dw,211,40.724328,-74.003101
gD0WXY0iGTTil3or7tiOJQ,212,40.724251,-74.003166
F1ap0J0_qhvphP6aYSoO9Q,213,40.724143,-74.003256
xBdYDIk8oPcxR7Ndd8BefQ,214,40.724064,-74.003322
2eE5yzX4efgHrW1unmmffA,213,40.72399,-74.003385
jW6vX9SO9PLbrEdI1DknbQ,210,40.723915,-74.003447
7lsFHOouBw29EvjNyfLrpA,210,40.723839,-74.003511
Ay1fp-Wgvj9o1bKvlG3H7A,209,40.723763,-74.003575
6du4V2upLbynjG5ks3XiTw,211,40.723685,-74.003641
vMorLfWyMnboLV473qlpXA,307,40.723706,-74.003681
Mg5rpID9xLWDoKfxcyle4g,307,40.723753,-74.003775
W4fiPgvSUB-DkoP7EsEPEg,304,40.723798,-74.003866
ppoFzSjEuB5BpabAVTduqg,302,40.72385,-74.003968
NsOODvbsM0Pfgdu97hWgtQ,299,40.723898,-74.004065
3y2TBECifLC3y0riBZO_Lg,301,40.723998,-74.004264
3HX1J0n2Ykslal9huPJ5Fg,320,40.724044,-74.004356
gX1v3d9LM-v0jkY6e9kUVg,305,40.724076,-74.004414
sQY4I68uUPcTWTv3hoOxsQ,310,40.724132,-74.004507
mrXlv2vo3u5H6ugGPw-7pw,339,40.724184,-74.004594
VReE4nxFydmdeMWkCaZnlw,356,40.724234,-74.004578
l7GWHM3JZLyxVcK2R1kqLw,13,40.72431,-74.004554
IiYLjDd6admuHkg-iUDx6A,15,40.724405,-74.004515
DMrZbOYCEy_1fpwvhh9NIg,15,40.72449,-74.00448
5OPkVSOEeFAqSgXqrnC0Zw,15,40.724671,-74.004405
tg9slxeDOI5aMH0q8XZb8Q,16,40.724768,-74.004364
7e-VBMkdvGeZV6gStCUesw,16,40.724868,-74.004323
JNfvJAF-J0OA_yBooQB4MQ,16,40.724908,-74.004307
OR47sOLBXp3VHnld06G9iQ,16,40.725037,-74.004256
6iwjZkIlIJfd9mlemKPF4g,16,40.725123,-74.004222
gw6IuP1rOTomk-rKvlx28A,16,40.725164,-74.004206
W3b8dke6L_6_JYPst-77qg,16,40.725247,-74.004172
Ao5fX9zzmQAGHX6qO4gZrg,17,40.725334,-74.004137
RVWIY5UDD5BlHiZMzbB9fg,119,40.740999,-73.986215
DPD-wHAKLo91Lc5p_yS5Kw,119,40.740958,-73.986118
D1IEBDa_lY_xHIyO2g7KsQ,119,40.740917,-73.986021
2la98Y0BGljAK9RENEX86w,208,40.740879,-73.98593
Jy38x4fbWKTCxwU7Wt7r2Q,208,40.740824,-73.98597
3g9OXWO-_q6GA62wpiHA4w,209,40.740698,-73.986062
adrnGkm07Bm6qn_sswfQ1Q,208,40.740619,-73.98612
JcPsmQJWgN4f3UijcVvgpA,208,40.740541,-73.986177
ujaUaBKTovtfw9UWwQoO3w,208,40.740462,-73.986235
UfCkFIN3g5NqhyXpRdFMtA,208,40.740376,-73.986298
lkbpqiR9_k_eEDLRQxZMLA,208,40.740297,-73.986356
mloNmUYKJf6zGde3xEscMg,208,40.740218,-73.986413
dRRQw0AQD1HXH5BHizi0MQ,298,40.740235,-73.986469
L7vNR2k7xOzMVI4PT56FuQ,298,40.740277,-73.986574
ko_pIokI8b_TxT_P6eIBtA,298,40.740319,-73.986679
DqUVZiubRyEc35bnS_L5ng,298,40.740361,-73.986784
1Lig_BmiZE1V2PjeSsaQyg,298,40.740402,-73.986889
Ouof3Ldrs48Rgm_AVMKNBw,298,40.740467,-73.987046
a6gigIDaZDS1J7ch6le67Q,298,40.740512,-73.987148
_-eK4-c4yf2z6B-sRJvmag,303,40.740601,-73.987352
vOTuCaFEiX33MnfaNmQfhw,303,40.740645,-73.987453
qAKmHl05zUqnKMggCvYpDA,301,40.74069,-73.987555
pbStLFGmUzkRflJnLuntBw,299,40.740732,-73.987651
WDB0rOnd5eW8J2iMrVwPJg,299,40.740813,-73.987837
T8KL5giq2TPQx_EJr-HIGw,316,40.740862,-73.98795
VPsxDcPN8arXGED79v1d2Q,8,40.740915,-73.987952
Jo7baxlaxdiwvs2oQXAvVQ,25,40.741009,-73.987883
_omyQOlWa2AU_4CO0c3-lg,26,40.741088,-73.987825
CKR2KaK9PcD7BfG8AKLLaw,26,40.741166,-73.987767
tGcpHQ7d_cHZWhlnF8TW1A,27,40.741276,-73.987685
6kaSSmiK6a8m60A2trcbXQ,27,40.74137,-73.987616
begkTE8LqP5XwTvM30ingw,28,40.750504,-73.987259
VWjHFw6GsqcUXe7VNAppIg,30,40.750659,-73.98716
WAjdJNu6_3rwx7CjCcfFfw,28,40.750763,-73.987085
Lw5knuW7YRfBnEOA8pnUJg,28,40.750856,-73.987018
b29r4Afywn-xNNK3lO6qxg,28,40.750935,-73.986961
hoN1nkCuuTJ59EIig68hFw,29,40.751014,-73.986904
e6xgwij64X1V-TwmQebLYw,117,40.751088,-73.986857
fJlyyNJUGkr6qKYAV-IiDw,117,40.751068,-73.986811
9EH1Zr7ejSGUmuqfenvFBQ,119,40.751002,-73.986655
DF-AIxwT2HOp7pwtEnj1vQ,116,40.750959,-73.986552
CmquZPpuf_L0rMnEFd8gOA,117,40.750915,-73.986448
HpK2SJZ1VNK3PwAz7at4dQ,118,40.750867,-73.986334
s7c59lnMOftVX63ie7A7_w,120,40.750823,-73.98623
rJ7YAsVyiCAXqYhGzFn5_g,119,40.750779,-73.986127
MZ3uxi7nyhwcLmgTcRxpfQ,118,40.750735,-73.986023
DKoHvroUJ3Q6JXvYlhGBvw,299,40.7506705,-73.9858705
5cltIn0O8j9niOhcjF8Uyg,119,40.750606,-73.985718
_LCJfPJIpbWDpodKd-n5zw,117,40.75056,-73.98561
OsWsUpa29cK6H8RXCNSiDg,118,40.750516,-73.985505
sezQTC1sT6zHE8Nm8pqHjg,118,40.750472,-73.985401
J-Xky2zKtWWTYtNb9PXewA,119,40.750428,-73.985297
mFNAC_kMzL0Cwd5NlqFkPQ,120,40.750348,-73.985107
AWuWp0FwkdNjkYZAqsa0GQ,124,40.750309,-73.985014
qtOVbeRySeJTMFu8b1Yb4Q,123,40.750265,-73.98491
IFT2Z2N0RE3DVdTPwoMXDA,118,40.750173,-73.984692
iEGHQ8VCkjHzN6QXjpWLuQ,119,40.750125,-73.984578
yhDfxwKj7eCGroMAdjGlqg,118,40.750077,-73.984464
a5wQWuzHfuOev0S5WRKvrw,119,40.750033,-73.98436
f_RpxYZHISo9d3eUQjxafw,118,40.74999,-73.984256
eiPDebMxjNFHyf77smECEQ,118,40.749942,-73.984142
P9EIqlYqLmK_KxnrvSYTmA,116,40.749889,-73.984017
D3vl3SUIDAZtqnIWaaLIjA,113,40.749845,-73.983914
q-PMJi6wRKum2LITb7ZpOw,117,40.749802,-73.98381
HOIgWuUcH8wWise2RcydWQ,29,40.742531,-73.986773
IAgpz9MCNMH9du2JZ26Qbw,27,40.742609,-73.986715
Mj_f6poxkwvrpaCFJBruOw,27,40.742688,-73.986658
gcdQqocgpF8IiR_sFG1OUw,116,40.742778,-73.986592
1fo1MJuMPPsfd3KNS0ROeg,28,40.742818,-73.986563
mZIS5Qqf8_5dG75e1wJMrA,28,40.742897,-73.986506
e7ZgmZ179tQE6gy_Pl819g,28,40.742976,-73.986449
9AbHNTWWeetyVy4dprK9Og,28,40.743054,-73.986392
EyA2CdmXqvcWwXF1TDuhYw,28,40.743133,-73.986336
bM1a75HoHV0GMCZdGzBgiA,27,40.743212,-73.986279
fw60gZ9CzImGuBytek1A0w,27,40.743299,-73.986216
FAHEF-m8fU_zBfaXw9VEAQ,27,40.743378,-73.986159
1h9S-eVrK9nLmOWdOeQ5UA,299,40.743407,-73.986219
geSCWK0aWKD_ClzUQ0W6IA,300,40.743452,-73.986322
ZqmmKkPs0QyacQqKvNjsaA,299,40.743494,-73.98642
dqIEw-__mfc7ip4nWEs-zg,302,40.743537,-73.986522
Pl_V4Axrc-kZg3j5N4FLTg,302,40.74358,-73.986622
41OIIMBT2XUErERbQv1xaw,297,40.743625,-73.986725
_Sv2reWww2OwAMYArJpT9A,296,40.743669,-73.986829
Gv-ABfZB390pBJLTUF3p4Q,297,40.743713,-73.986932
W7d7oF7Rpckbh9_U_qCDWg,297,40.743753,-73.987025
mMGo31FHlvuntfKJcib5jA,297,40.743797,-73.987128
HOtCyXlF5uO-2SVJ0iJ69g,297,40.743834,-73.987214
t2LIqgjaDlyDDkLPRBehHg,297,40.743873,-73.987304
TLEgZVstOK_McKabzl_XHw,300,40.743957,-73.987501
GOTRwJlUGgm7BqwyzqNvBA,298,40.744001,-73.987604
JuwaaY79YuL9oZ0bHAoSBg,279,40.744046,-73.987707
np-10_pwHdYB4sbeE2go7A,208,40.74404,-73.987773
cLxRqteT7R9Iou6dlDsYBQ,207,40.743962,-73.98783
GxWjUYDjuPRq9tx-vuK_Aw,209,40.743885,-73.987887
Mg75rUei_iD0AU9lUGvO5A,209,40.743805,-73.987945
FUGWnvCYdo0RmzOQ3eN0sA,209,40.743729,-73.988001
GzMFhtjfv0X1r7iSCu07Wg,209,40.743652,-73.988057
lrM2fm4rgkcuAPIR3hgtig,209,40.743562,-73.988123
6-KWc8WDy7TNdKw6jKBF8A,209,40.74346,-73.988198
QnJ57GwGai2uyMBNQpbLFw,114,40.715825,-73.999062
uTKXVCTi9U5CCST83YRUhg,114,40.715787,-73.998954
BGZn5O4_lqLKyLsHuQbSQA,114,40.71575,-73.998846
jitBpkUa-eiXY1e8ZAmEsQ,115,40.715717,-73.998749
90F3VRWTY07ntxr5xaL9yg,113,40.715672,-73.998619
lmMKtxHqYw7PrzTkMWByFw,202,40.715641,-73.998497
ObN_rtU5qR81yg6AHwODkg,202,40.715582,-73.998531
76Wm97kzJy-WJrY3ulaUgA,202,40.715495,-73.998581
57DT5RkCge1t92-eIgRcRw,204,40.715411,-73.998629
j-yD-oX5bi-g7QQYuWlsCQ,204,40.715326,-73.998677
1yd31Mj-mjj4MhjlYTLl2A,203,40.715244,-73.998725
9Qi7mwQitafAKIxFMZLwjA,202,40.715162,-73.998772
AJ7veGaRojG95BKkh5az2g,203,40.715079,-73.998819
bP-cPuo4cXQKjPEQ2QB9ww,188,40.71499,-73.99887
QlCBKsywdfMxKOXH2sUYcw,200,40.714939,-73.998863
uuMk3kyTCcGpJmkkSE8Y5A,174,40.714845,-73.99885
ET2dzjHvtDJoBwamx3pliQ,173,40.714756,-73.998838
tnxtgkhexxfe-CMr5C8c2w,175,40.714668,-73.998826
2hfLbLdL66CHaDlxbwqVkw,187,40.714534,-73.998808
rTIZya9KcYhVvYR9Q2_ILQ,172,40.71446,-73.998796
Tdcbrpk-0I5P3oLxC5D1-A,172,40.71429,-73.998768
kFPHgMxT4Q219FQxmOF2uw,173,40.714201,-73.998754
JgFzLys1pIwxOztinAkByw,168,40.714112,-73.998739
3Wfuvj21Z51vrJrKZuJUDA,176,40.714014,-73.998723
MJPVkaS0ZOFqXi_whQiqrQ,174,40.713933,-73.998709
6m2stFcv5Ul6cVNoOeyCsQ,172,40.713844,-73.998695
2symGiSCpe_uvTNpl2ZlUg,172,40.713746,-73.998678
UT17vW00kaa2vajAPszRRA,172,40.713648,-73.998662
ovr7gGFfhow_UcsVMAxI1Q,159,40.71355,-73.998646
kbEO2SZD0nDNihZoyEH7Kg,142,40.713495,-73.998637
eltKjOKDkJ1FFG1VDrdOtw,275,40.713523,-73.998698
J1gfnh01W2EmIWRxXzTAAA,296,40.71357,-73.998799
tNePCICE-6ZWEmZN-Bd0CA,304,40.713617,-73.9989
2pVhAp4s3HGDBWpaDtC06g,302,40.713663,-73.999001
ALILrLS315VPvkNZ9al4xA,301,40.71371,-73.999103
AsWakV3OzeqhwnyHOhYtgg,301,40.713762,-73.999214
UqOgQuWC0lojVFhnpEc7-g,302,40.713837,-73.999365
o21iESznF2Ixvg1fX_oSlw,302,40.713896,-73.999484
LUTAsTOTTl5_NnQb5D3MRQ,301,40.71393,-73.999552
Dj7DE_OdzbCEafQYQBk4Dw,118,40.762183,-73.989741
FuRNV71Bw7qaYkTIXfo57g,117,40.762139,-73.989636
qEPp9xbVrvoHXuAAIHoJRA,117,40.762095,-73.989531
pA31E4FyKA2UmYdTfLc5Yg,117,40.762051,-73.989426
Cf591oTsI_xx3vHRCwu4Pg,117,40.762007,-73.989321
9QqpRkF9Hi_NCxk7lbtuhw,117,40.761964,-73.989218
uWrlOYRmyO5qLr7jXiOYDA,119,40.76192,-73.989115
BRQoehtdM9QiNM9CraFisw,120,40.761878,-73.989014
iiWw-5PSqBfspCAnZh2SmQ,120,40.761836,-73.988914
kwMfbcn91nrJqPtK6_wgLA,119,40.761794,-73.988814
lZXxfUbbWqEFOK84Jodt1w,118,40.761752,-73.988713
ElcHOnfwSqqi6Nq3PVkqwA,118,40.761709,-73.988613
bipGXtf8w8qUTJothTcLww,118,40.761667,-73.988513
KNNTZeCpjjcPwipuzwxcxQ,119,40.761581,-73.988307
BPYtJ5TeA6RzNjtBKOoZXQ,117,40.761537,-73.988203
zzzWU_6b9GXMs4v7HGSlGw,119,40.761493,-73.988098
OCS-GJ7R0hvqX_HrEfePzA,121,40.76145,-73.987995
VQq4UPLAOUm-CH1fXa-zOA,118,40.761405,-73.987889
FKEXRDkf6V1KA_FbklVbVg,117,40.761363,-73.987788
mAydI8su3KEwOGtOgbaqTA,118,40.761321,-73.987688
u2gvgtdiVq9nYzRvr4EYRw,119,40.76128,-73.98759
SA40nx9WXFR0i0JY6tawHg,115,40.761219,-73.987447
kK972FZzVbI4pAx3cD-g2w,117,40.761175,-73.987341
OAP7rfHOBbMCWefGVTzq5Q,120,40.76113,-73.987233
U-xFMngbiBPltzJhCZ6-fA,119,40.761087,-73.987132
y8S20qwti37gNo6EEXH7Gg,31,40.761038,-73.987015
DV71TvehfY7_ltbzdEQefQ,30,40.761077,-73.986986
pzORTKMv6_JP6P7_cJHjdg,28,40.761161,-73.986926
MQPE1hDyrqiXhOdN6-CT5g,28,40.761244,-73.986866
anVma1-tOsCX_buoVBhicg,29,40.761322,-73.986809
LM07GWBHWq_vTmniXHMI-w,29,40.7614,-73.986753
phsmeZQu3cnTmaLlUu5n5g,28,40.761478,-73.986696
qn7bBazM7ZdTsbtYzLSAqg,29,40.761555,-73.98664
3hPLQZBnWWBmlfV1uUiu6A,28,40.761662,-73.986563
Z1fAAdcOr-A3lM9eDrok8g,301,40.761685,-73.986617
-WaAvzX-leeksV_qSi6ePA,301,40.761728,-73.986719
NqkSzpFfnrFcSjMnUO1c7w,28,40.75181,-73.986323
LCLtHzTLJBrzOT_wJJIIMQ,29,40.751892,-73.986263
32_SSTKlNrNu-VKnS301pg,28,40.751966,-73.986208
WoCfSe2cT2XdUlcFBmGaaQ,29,40.75204,-73.986152
TF5WeMiH592hHbZXhshSrQ,28,40.75214,-73.986078
5LY3w4OfqPtf2m3l1QF0MQ,28,40.752221,-73.986018
s5uZGlK0cnuzEUZh1oBQ7Q,27,40.752301,-73.985959
5VEHbub36Y1oBZeq6zYHPw,118,40.752293,-73.985885
W1B--nJbBW0HmXlNLBOTmw,119,40.752245,-73.985771
jyVReMEMR0ot30sis4rU9g,122,40.752205,-73.985675
DVmwE1CJ6pnpkeibXYtN9g,123,40.752163,-73.985577
N4GhMwyqEyj3K5jn72hwsA,119,40.752111,-73.985451
204jo7s5LtGuqMv1Ypy9EQ,118,40.752062,-73.985335
FvE-OOjMh8bQmPz360Mdbw,118,40.752011,-73.985214
vLPAAEuDqtbfVbwaF-LRaw,118,40.751969,-73.985115
m7O4rT8235_4xWM9CtaDsA,118,40.751923,-73.985006
Cc0n8QwUgVxL53eHkOW4-g,118,40.751877,-73.984894
dt1ofJWOAO0ubzW-2-52zA,118,40.751789,-73.984687
9YXQWN_BpOrnQ5EKBwdgYA,119,40.751746,-73.984584
BCwDsj-5IRa7zoAeB4Zl5A,122,40.751701,-73.984477
OneZReevvsyCiLyZ9q_Zow,121,40.751657,-73.984372
_RLTqJXAsRoM_xBXprOGVw,118,40.751613,-73.984267
b6LTN5Pc3NEAf7pAkuL0Kg,116,40.751566,-73.984155
RBQ9qIeNpupN_GyDH9dqpg,115,40.751521,-73.984048
tfHUsFs1tjcfNZkB2RzwbQ,116,40.751476,-73.983941
i2UDvwTuAe6pnMH96c2g3Q,116,40.751431,-73.983834
QiDPaGl5UW1TzNbgPZigvg,117,40.751386,-73.983727
wgN7R1yEf8eIqkWPzgV8_w,118,40.751341,-73.983621
1WikyhonyxxveA1xyAI_fQ,117,40.751298,-73.983517
24nNR7p_hCSpmav8i-3tOQ,117,40.751235,-73.983366
uQkhuWrYFcYq3Z0KyInANA,117,40.751193,-73.983264
Vvj7PLbhTXmcN7Wv91yV0A,118,40.751151,-73.983162
gTWbzjWT1KMRry7C2R_vjg,118,40.758728,-73.989289
jEC4LMEO7jZHGEqClNThCA,119,40.758685,-73.989186
WDTbB62ns9psjPl6PZulEw,121,40.758643,-73.989084
sRIa1Yw1ZYpQE2ltWwag1Q,117,40.758597,-73.988976
ULAVa2sEI9CyQlOP6Ibi1w,118,40.758549,-73.988859
TExyGdpme6r1JXVSoe0tqA,28,40.758522,-73.988853
azkFEM-_lAYwvnnsOMYyqg,28,40.758635,-73.98877
Zo3L3BIF637tYLDvP9-6VA,28,40.75871,-73.988714
hoytFzJ3aTuVqahvElw91w,29,40.75886,-73.988602
yiCA0K6W_YocmQIaNifXqg,28,40.758945,-73.988539
gbPPPL4jBvNJEi5EV9qVvg,14,40.759183,-73.988426
E49AAaJfQXJ78q9zRJfjhQ,298,40.759227,-73.988532
IhKXqxGpmA7JLnPMJLns8w,298,40.759272,-73.988639
6ZYGtz8Jq3bl9GveWn5RBw,323,40.75931833333333,-73.98874953333333
9_G6rpioTzOptNZcCuF9bQ,347,40.75936466666667,-73.98886006666667
p7ciYISu3zDGDWKepNT5KA,11,40.759411,-73.9889706
tLaHHh1ErmzKtjBY3qBftQ,35,40.75945733333334,-73.98908113333334
jRDWMO-KnSO04HRfaYQ4bw,59,40.75950366666667,-73.98919166666667
b1bjDcF0LkTqzLDzA_dxSw,83,40.759550000000004,-73.9893022
aDpj5mHy7mMONs7ouQLoww,107,40.759596333333334,-73.98941273333334
Ns23YpiV0nuNpuW-cEcztg,130,40.75964266666667,-73.98952326666667
IMbDzeBrnFkdKPUQfIhwiw,154,40.759689,-73.98963380000001
WP0tH-qJlK3_L6GdO08Exw,178,40.75973533333334,-73.98974433333333
IF4-Jm_xYI6Thhfe24Pbjg,226,40.759828000000006,-73.9899654
qcpsfNCLykreRD-uoSaetQ,250,40.759874333333336,-73.99007593333333
tt4ZAy5vhrOg3tk4n_MKwA,274,40.75992066666667,-73.99018646666667
qbB9exZFWNsJzqrGqiYaJw,297,40.760009,-73.990398
5vn7gqoLbxor8HvyF4GPBA,297,40.760049,-73.990494
RsbtYIW9p42s3X5m9P-xZA,298,40.760089,-73.990589
WWI1tDU3BY11xkLtgdMtqg,299,40.760129,-73.990685
RerkzSAGr-QBl4rA145YYQ,299,40.76017,-73.990783
wpRof5sGmgPXCM1FN6sLrQ,299,40.760211,-73.99088
eCyh25ZOdbRsA6dO5UefBA,300,40.760251,-73.990975
0MQKe58lYLwMT9RMsribYQ,299,40.760302,-73.991097
Q-pNn9l_qhSe6TBjrtcoEw,298,40.760361,-73.991237
jZS2X8byx8p_f1Ufge_enA,298,40.760389,-73.991298
VlQDFVScQZ4vXadU32ZS3A,112,40.72201,-73.985787
KkY9m1q0M6YWMQ5D231kIg,112,40.722044,-73.985897
_lsx0nC5IN42ZfwCdeFgsg,112,40.722077,-73.986007
eULLRLIAE2OOFSLVTLEW0g,111,40.722111,-73.986117
zBvsVBWN77zvgp_mNpBfJQ,112,40.722161,-73.98628
tOCfxYoVxi7zj_8_N3QWPg,112,40.722178,-73.986335
1zndhv_u60Yp3EPY1oGRJg,202,40.722137,-73.98636
nKVFzVKjIZXvNDNl_mZKqg,201,40.722013,-73.986427
REc2XzgYTI_9OEqfxlqJww,200,40.72193,-73.98647
reNxFf3mZH-HykczYCCOpg,200,40.721846,-73.986514
5LcWyuq8dFDuu1Yin9eYFA,200,40.721762,-73.986557
iU9t-M9eKrUp00JEg16cbw,200,40.721678,-73.9866
tI9DTptKUhkBXATlUTruFw,200,40.721594,-73.986643
0obmsaQLog2elJx_QGvLyg,200,40.721511,-73.986686
xAHaeGi1FjojD1Wo8MnWsQ,200,40.721427,-73.986729
ygHFcy70tgc0AWemgcC6Pg,201,40.721259,-73.986815
fiUjGppbiaCInDwmeWkkmA,201,40.721175,-73.986858
DxvRrPtnyVcqu7VveQsi5w,200,40.721092,-73.986901
-5LowiY8gV1HswPrXt7M7A,201,40.721008,-73.986944
AaLBTQV0_7DJ7gqXbI5Vuw,201,40.720964,-73.986967
1L6FDotJGYLMipGFU3CNLA,110,40.720978,-73.986883
nC4ynhAwqKVxK_wRIHhnGA,110,40.720944,-73.986773
fEhflXGe7trL2eYH5PsK9w,110,40.720908,-73.986656
Ad7o6pOvC2ghr78c_AVMAA,111,40.720875,-73.986546
TJ7fJhJBcipzRKS_6B8y-Q,110,40.720842,-73.98644
7LVztpViNB1ffU-vw8KHFQ,115,40.7208,-73.986301
lx3X_RBfL5xGc-vzwOU-nA,109,40.720759,-73.986168
Hwe0IfYm5CQ9_JQtvCHNJw,108,40.720744,-73.986113
SSMuo2tNV8iNLnc_WZbu-w,109,40.720712,-73.986003
4m-zwSYEo0Owb9abyg-c5A,296,40.723304,-73.995598
fLpiIn2F0OIkTPqqq18n9Q,306,40.72334,-73.995687
KXGOyrBK-l5jC-RnFE5a_A,340,40.723381,-73.995714
GJJgdae2glLQoQr6sYqlOg,296,40.723395,-73.995775
pwfvpA4on8K1D7NIXKP0dQ,296,40.723446,-73.995879
_JnCnep57ZjvZFWTVitJ0g,297,40.723492,-73.995994
OgUrsBe8brjPraaqpGZ0NA,298,40.723536,-73.996103
Y_RlumJiRgXGI2WqhBfsWQ,298,40.723581,-73.996214
nWB9NXUOJwxkQntwqXda3A,294,40.723636,-73.99635
0rulSX9EoOqqvH8CSPbc3w,291,40.723683,-73.996465
hbJzVlJSXWUuEyI63KOJ0g,290,40.723701,-73.99651
f4WGPMGxPZlandIAmChGNQ,31,40.723722,-73.996437
nWQrlZNSW-LVRwaCvVsU-A,32,40.723799,-73.996374
xlS6LP9AuSf8-wdXhVWzqg,32,40.723875,-73.996311
pRJDxECHcxdIU_iBSk0u3g,33,40.723951,-73.996248
EwqtuHvUfFHEgdKpbZ4LKQ,34,40.724027,-73.996185
im4q2oBUPqVHnxhlUwPF_A,36,40.724121,-73.996107
PmhnmwCjGwQUeZqjkUUqug,35,40.724194,-73.996047
LtPHDlacxOwRWnWSYjOdNA,33,40.724265,-73.995988
fGpmY3VETJPFS2NXb0cFgg,32,40.724336,-73.995929
qV9O_h0RDkboePXAG1Arew,31,40.724407,-73.99587
VBW5swCgzOrlnaze1486mg,308,40.724498,-73.996025
f17c-fz6uHOraslrVA_4LA,212,40.726018,-74.001696
6Py_xciAX28G7qiZfPHnVw,211,40.725926,-74.001772
tSRKEUT6J5oAR10UTwZj2g,212,40.725839,-74.001844
h2hGeSrhEpynqY7PX0pAWw,212,40.725755,-74.001913
WF5IcTpC-NV91lKr92TcmA,212,40.725675,-74.00198
r_Cl6YKio6pcVYBKWk6oLw,212,40.725597,-74.002045
2c5CeAFVZEdFNDF_i2O1rg,212,40.72552,-74.002108
dLl8jGpKdW0IG6FWbusgbA,211,40.72544,-74.002174
MxbXce3y--xSiZx8cPZOTg,212,40.725361,-74.002239
mqix2Jefd6tDT1FDEzejhA,212,40.725282,-74.002304
QxXBwbIml_lHjTbqh7Z5sg,212,40.725208,-74.002366
-7vzIgJvWfXTjsX8iIXCsg,212,40.725145,-74.002418
sXi1ESjQ9RY-HZm8EoaqIQ,212,40.725055,-74.002492
mbCynW44hTbiV5TYK1WTZg,213,40.724982,-74.002553
y3bu1OVIAYC4gAkVDRWivA,188,40.724911,-74.002612
iZDfeJEtfnbXNQWJJQX1jg,133,40.72488,-74.002581
ecI0XThOcACfwmUHIGEIDQ,119,40.724813,-74.00244
T6oN_2jB8hR_OZ6Hv9-1jA,120,40.72476,-74.00233
n46aCqwolgXQtK_TRiYuNg,121,40.724713,-74.002229
3hlxr6gXi_MI-dFgaT10ZQ,120,40.724665,-74.002129
kobq73Z6o_gv5MZxOXSQ0w,122,40.724617,-74.002028
jIBVpl_On7yzXhshb7PluQ,121,40.724566,-74.001919
iJJ-e3HEAdWvd50mRpBCJw,213,40.724638,-74.001859
LNx6kDJbtLLfyy7Z6RuKkA,212,40.72472,-74.00179
IdLL6g-Vkvk204XWqkxAyw,212,40.7248,-74.001724
NWuNH3Qqkl-JlHfMtLFSvQ,211,40.724875,-74.001662
oS4khDSbe88_U6o1S7NY7g,212,40.724979,-74.001575
Mw_0K6oBoeDETUS-Ttjl5g,212,40.725054,-74.001512
o5DUut37Znj-KBGJWusUIA,212,40.725129,-74.00145
nUB-sAtVn8zoA8zzQnRoEQ,212,40.725203,-74.001389
qozpSoG2fQStrYRfWb8SBw,213,40.725351,-74.001265
HrNIIA5ItmvRc7O7hZv6qg,213,40.725428,-74.001201
XTDyFsAu7Imy-6BK9MVwqw,213,40.725506,-74.001137
Apt_9NxaRL_-SIvmgAPHKA,213,40.725583,-74.001072
lUd362RLMThSv-UbYpZwtg,212,40.725662,-74.001006
4afiwlb2aH_yJEEIsTZcjg,313,40.718463,-74.00059
EsQZhsytiqgVAQsBQ5D3_A,313,40.718433,-74.000547
pn1s-1YOb1tfei2WjMI58g,313,40.718366,-74.000452
GqKjypllCj9PFYxoLZmK7w,311,40.718298,-74.000356
3bsodJ7LzI5Uxf56cRiNCA,311,40.718237,-74.000269
rYJwEvJA_qg8XztOXMjlQQ,311,40.718176,-74.000182
gHfm3tXw9LFJUuVxRy0TZg,313,40.718115,-74.000095
jhnlaZFXOY3EB0IgpzqxTg,313,40.718054,-74.000009
-8AvsJg6QWGxntN0G0YraA,314,40.718023,-73.999965
3GLHee63Eo-TS1feOSs4cA,31,40.718169,-73.999845
_zeHB3yIrqqNJc4siByvBQ,31,40.718242,-73.999786
czqB0YQfEYmp5ciMYof9aQ,31,40.718314,-73.999726
NSODeZbwaAh0t5CZ-fCirg,31,40.71839,-73.999664
aCjAIEqffaLSDWVxmEbx-Q,32,40.718466,-73.999601
BrVP-bvX-zzR8JfSh4ZqcA,32,40.718544,-73.999538
2n98270OiNa7DPSyHboyyw,32,40.718619,-73.999476
gTsBrwaV_YehjHcxvjLJDQ,31,40.718696,-73.999412
ELcx4VwEaQSu8r5o1C8_7g,3,40.718739,-73.999378
ZNbuCOpg82ypubFvRD23bw,8,40.718854,-73.999285
xB17cBBFQAvXPV0QmxxdqA,310,40.718956,-73.999412
0nIr--jibnI4MopVFD9S4Q,301,40.719002,-73.999513
1EpHdnd1O7xWlddYEu3_yQ,299,40.719049,-73.999615
5kg52ifPmZGU0CDSqvDH8w,298,40.719095,-73.999716
R3lSlDeRPlPBXHO4US3Ttw,297,40.719142,-73.999818
s0-k6bkD-Nw-p5aykaVCWg,298,40.719168,-73.999875
M_9PTt9fULRni-q60ULA_g,214,40.719122,-73.999917
eT47JKmGxel3l_LAv4TqCw,215,40.719032,-74.0
SIz9LFgQIp-WX7kfUbHLlQ,215,40.718955,-74.00007
_vj7z-jKQ0xO7UlYsfBE7w,214,40.718884,-74.000135
ANPFan6yZ1Jzgr-RwO8iYA,214,40.718819,-74.000196
1RFpy4zTr51h2g57K5imGw,214,40.718762,-74.000247
iQaurX8J8ASt60M9jghy4w,213,40.718675,-74.000327
P6wn-G6hnSjFCDHY7Z7hgA,298,40.723122,-73.988007
bwYsZjgA8T7vanMIlwET1w,298,40.723165,-73.988104
L25Ei2KU6bdtLrITnkYEmw,297,40.723268,-73.988368
Wi9dXi2LRQkUohbNZJzTCg,299,40.723288,-73.98842
HSgm2JNK_tqU1ozVWSPHxQ,28,40.723311,-73.98835
GMBromo2Fmgob3PYuHsNig,28,40.723399,-73.9883
YLZHXAPujPwC4QHYPnJwhQ,27,40.723481,-73.98825
GQV9iTpj0Dken8GEI_77sw,27,40.723563,-73.988201
Cap8M-7R0T8yv2weZ5u4Mw,27,40.723644,-73.988151
dHojsmEL0yOo5NpTjSmQcw,29,40.723782,-73.988056
_A4apnjiyXsKdil-sjxGPA,29,40.72386,-73.988004
rQ1zXNlXz7oNsP_kG8FUeA,31,40.723932,-73.987958
AhUyowo7eDkN3GDicyph-g,35,40.72398,-73.987925
I4P3Xg-GnDElV0npwPvrpQ,38,40.72406,-73.98787
_3xJcq1KLIIHyEeu4tqcmw,30,40.72414,-73.987815
PhavgERu2KLA87ehi_j-QA,30,40.724227,-73.987755
Boq4LHNI7Pv00f3Ctu7AaA,29,40.724269,-73.987724
BVyaVdFVaB4FFy3ytNFnZg,28,40.724348,-73.987666
vK8FodU_PEja8wGI1qSODg,28,40.724427,-73.987609
2w2xGmWXm2Z5lFHeWh4BGg,29,40.724629,-73.987461
lyLNa4yiFyMY8X91KWeU3g,28,40.724707,-73.987403
rKcw5NeYdA84ns-W-Y9Kuw,29,40.724786,-73.987345
2y1hbQI9HODMeUeiHq4sfA,31,40.724862,-73.987289
a5_V9Uw1nhTFh6RP6CTqiw,35,40.725013,-73.987179
KOaheAkrzzvUc7lUGAi-7Q,31,40.725089,-73.987123
32szXzgrWwroteJ7t8nXWA,55,40.725165,-73.987068
2AudqP3cXoBJDmufOKMoYQ,118,40.725174,-73.986997
-eWehxK3FwvMp6xmeCfwMA,118,40.725135,-73.986896
BXJQ36vuDWrADcIrGW7S0g,118,40.725094,-73.986799
KPZhApzx6n2Y2HBhL9UKjg,118,40.725052,-73.986698
UciatN46e3c_sGnAT92Atg,118,40.725004,-73.986583
2UXr6AANU7RoCWoKuWNWQw,264,40.710809,-73.983248
W29HqTfJ1zugLd2Ndnk2AQ,264,40.710805,-73.983299
2rXpqVnEEBDRJYrmGJurPQ,264,40.710796,-73.983417
3XAtOaUH0CO7cNGRFifExA,264,40.710787,-73.983532
LQJPLVZC8bPb4Fvi8mBarQ,263,40.710779,-73.983645
RtbA03awVUnhTyBycgf_lg,288,40.710767,-73.983807
TgvBbk6zPSdjLCuVMoRpBA,265,40.710761,-73.98389
he4FJRQKguxTXOijBAkPIA,324,40.71081,-73.983835
nC02SSANMLn7gxV_HMKSkw,352,40.710899,-73.983848
0wgZJtCgINKEGp56Dba4og,353,40.710997,-73.983863
m_7aB41q94w8-e24UBDhrg,354,40.711096,-73.983878
aKY6wL6HvNMn9FWaVqSeXA,353,40.711185,-73.983892
V5slcQszipEe_OYeZ4atkg,12,40.711274,-73.983905
w4ImkCO7tm_VvA8IXVka_w,82,40.711308,-73.983918
krM_lgszeh9HfzyjSN64sA,55,40.711312,-73.983863
wQoSJWdJZqEBBL9Mh0SMXA,83,40.711321,-73.983751
MK18KPiUinTGF6NXQb_19g,87,40.711334,-73.983576
0zyrqhtf4rpm7D2WM-hmDA,87,40.711341,-73.983465
BCaU1mokTLP-TDZ4IImijw,89,40.711346,-73.983383
MdM_WJutzvN0c2GjBftawQ,129,40.711324,-73.983317
UEFkvPQDt4ENX0_Hm7TfFg,177,40.711229,-73.983304
Pi81Gb1Fd0tmsyNU0r0-5Q,121,40.755475,-73.981594
1lm5gQty1Se5TR2EeiGrXg,122,40.75543,-73.981487
njjuxVqtiNJkms_Ye1_UKA,121,40.755386,-73.981381
5nHelGlzTDSGwrqmwvphSQ,120,40.755341,-73.981275
3fKszhJFjCGtyTz2iWhn6Q,120,40.755298,-73.981171
lEu24N8rNdud7uuVR85LTQ,118,40.755255,-73.981069
gTkdkj9CflMnEFZvdntbZA,119,40.755214,-73.980972
DPojVi96boIUvnuQpzTZ0g,119,40.755174,-73.980876
iDc8GCCsAXx942PTf9d1-A,118,40.75513,-73.980772
Rq9DAX3VDvgq-bRTjaVRpg,118,40.755085,-73.980665
dh0FInWrD6G_1Rrk5Jnv-w,118,40.755044,-73.980566
CLyPhjNmslcLU_ZNNrnIPg,118,40.75499,-73.980437
82kSS74FGIQAw3dUDKOvIg,117,40.754921,-73.980262
ih3VbXvuqukPSmUjyMpGuA,117,40.754879,-73.980155
Pj-mSLjAlAAMnKdObp0Vew,116,40.754834,-73.980041
HHprUWk7NBvOmqBpv5EZHQ,208,40.754792,-73.979934
_9hAPEylIaSoNRJtJQ3acQ,207,40.754752,-73.979963
q1oH0G16r_HRGK4ohZ0wgw,208,40.754674,-73.980021
OmU3r-8H0QMrN0vC0zqnag,208,40.754562,-73.980103
MPaLpVdtH_BXgI4vLvYhaQ,208,40.754398,-73.980225
snYvzloD4L5djWoVPBCqqg,207,40.754319,-73.980283
7AAjWizwVfk-c1wi0pqDwg,208,40.754162,-73.980398
SxRtbU6iIotVYwTKhi4fOg,298,40.754221,-73.980543
_Pw97QHdFVqdO9B1AUEdbQ,298,40.754263,-73.980643
RoI92UZylvTKudMQZ0rJqw,298,40.754305,-73.980743
IbxiUJsviUl3ydfFDJfc5g,298,40.754348,-73.980843
_tMYJTTad4fPEEWOM5eKbQ,298,40.75439,-73.980945
0QYPTAon_O5MZR18TZhJ1Q,298,40.754429,-73.981038
9EB5HcS2fQw7CmChNztDCw,299,40.754472,-73.98114
RpUK6SnAT2obU6AWQvNCrw,336,40.714687,-73.994787
VxTSZ6B5-Ja56A2FhR-gUw,336,40.71478,-73.994838
1tlHHMPmg2ODSopYbycBbg,336,40.71487,-73.994887
IotT132mbALgERZKngFo7w,336,40.714954,-73.994933
DF6cmCKbH9xjYU36hN_uhg,336,40.715033,-73.994976
2FYClYw4Q-nfVXHg1Wh6Wg,336,40.715113,-73.995019
YgN7iB95CtKcqpC7e_R1XA,335,40.715192,-73.995062
Ch_VToc1OMT5hGo1MLgAjw,335,40.715272,-73.995106
XsIBHRvEHIZ5ddMrNykQlw,335,40.715355,-73.995151
YL70kYz5qHIkmAyXVuLedA,336,40.71548,-73.995222
j4X2eT-u5eHPziOQkAGvXA,336,40.715524,-73.99523
Ee9WPTgBk66Xq5Pt3nw-mg,335,40.715605,-73.995242
-AAJD85OjFCgXX-OpwH6cg,334,40.715685,-73.99528
fgUE3LRBgz4Dm0z6gZzScA,333,40.715769,-73.995331
axYW0j3K6Pg6elD62vVgZA,332,40.71581,-73.995353
PvIVlYZIv41vUenwswahZg,329,40.715894,-73.995396
jBLS8UHVAnw8VO_GtUARHA,326,40.715978,-73.995439
yh8m0VQCil2-dFKRFdXCmw,336,40.716034,-73.995469
7I7nlZG5OX28JdLc0qYI_Q,317,40.716063,-73.995579
t9IryO0a6lO5IjI6kMn5xQ,309,40.716133,-73.995719
dJmOeZDj81pTxUaddu3veg,301,40.716202,-73.995854
AutzPoTTUrThBleRpswf9w,27,40.716259,-73.995988
XcWin9kPBEAWasWjgfoAlg,26,40.716162,-73.996056
CMnpchFjG_Ax8_H9CQVa1w,149,40.716099,-73.99606
3svbr_IpJGDubgkG1fZgLA,151,40.716016,-73.996035
h-FZZkG6hTFOOSMOquUQ8w,151,40.715935,-73.995989
9JQDv9u8J756cZZ4_26kfQ,151,40.715855,-73.995934
OW_14oZgWNDSGY84yM4xjw,150,40.715713,-73.995835
_VhQIOC7O_vOBb3RTxoFIQ,150,40.715625,-73.995805
AhfMnx4tAvsY9q8eIt87mA,144,40.715587,-73.995774
dgnXVFW6SGvnn_nYEsf0vg,298,40.746547,-73.977994
vCPizBgaJyw19QuVpT8uLA,298,40.746588,-73.978092
9-jBrszWnaDKB6ITTZyG8w,298,40.746647,-73.978234
H-WfB1KFx9Eyk3SX-76YDQ,297,40.746717,-73.978397
NNPJyECqyH-ILYAnfZsP_A,299,40.746764,-73.978508
7ctZppMJF11KrMa8iMIe-g,299,40.746809,-73.978612
kQA_OgjqtsAmMQCPmogA1Q,301,40.746855,-73.978718
XG2JR_MIlKDkq-tiq5VW_A,298,40.746917,-73.978864
Vh6GTrueBQ5WLdZgBzlZkw,298,40.746986,-73.979025
SIAFwZBZHY8_qBNG1hfgbw,300,40.747032,-73.979133
-iSaT_Bz_mYmbbuMkqNxhg,298,40.747075,-73.979232
WleTaNp7ukqWUiNoZobzaA,297,40.747093,-73.979277
Oib7cZM9NzskRmicO2sFFA,213,40.746977,-73.979306
xvh48ZoEy8D1F1uT-dRkWg,210,40.746898,-73.979363
cWQwQy1k78TGN8-pCk7B8Q,209,40.746819,-73.97942
T_LBE4Axta4UJwgbJXcppQ,208,40.746739,-73.979479
vwY1k3-za9bkBl0noNGaSg,209,40.746659,-73.979537
dLz6ULxHadFvODuYt85vYQ,209,40.746581,-73.979594
eAJe2L9xNT6PbItSH-jDdQ,208,40.746504,-73.979651
SVPSwSDFyL5-WDzYlHUYpw,208,40.746389,-73.979734
nPW666MZ_emC_F2IDFTZ_Q,208,40.746352,-73.979762
beGwYwm_1J8-p9HyO9P-zQ,210,40.746276,-73.979818
6HN7DOg0D5MymQNMtXnNPg,208,40.746122,-73.979931
JMH3cYpRU10CURs9T22QvQ,206,40.746043,-73.97999
FP6xhwHd1TFuGpwBLYk0Bg,207,40.745961,-73.98005
pRsmRp_-5FHoAfCUMN2KZg,209,40.745884,-73.980107
dO6P9QthdgYdnQdxnCL71A,209,40.745807,-73.980164
DljaFe_xoWgXk9hpz8x24g,208,40.745732,-73.980219
QB1IzFXTJTyMYOuoO1s0WA,208,40.745614,-73.980305
ENnIpuAeFc7IyeNGJN4aiw,208,40.745538,-73.980361
oyxQGgoetRpg1-MV77t2jg,208,40.74546,-73.980418
NA7BUGJLIKsXrB-jqQxlgg,209,40.745382,-73.980475
TMF8raVi6QOAOvJ7WpdenQ,208,40.745311,-73.980526
D8a0zEFomTlSw5DdXrMkmA,208,40.745208,-73.980602
pJeTl1VhHkRzqRm2toWz6g,209,40.745128,-73.98066
g8d3RgK-zIMDcP5mUP_dmg,151,40.745105,-73.980609
eIS0gK_ogVsZqkI4g0hE6g,118,40.742527,-74.001348
K8Rbc-GVP2MYX4KaBxxaLg,118,40.742476,-74.001227
r50HLjk9ohxq5oVAaBwCuQ,118,40.74243,-74.001118
3wLGbpnCxl1YQUCDBiHOAA,118,40.742384,-74.001011
BQheRjzg9HKgUzH_qnlB_Q,119,40.74234,-74.000906
PoTos3yLr2gqBXvcc2uLgQ,118,40.742293,-74.000795
H7GNcEFMOVpqMNx06zZGTA,118,40.742254,-74.000703
tT3KlHFWidZra0a4rBp4NA,29,40.742293,-74.000674
G2Vmmui9nk3RBrEegZKGCg,29,40.742372,-74.000617
nHnHjPjydFyNuOUpzPnXHA,28,40.742449,-74.000561
JmI0C7YVVUD4avqi-uv-NA,27,40.742544,-74.000492
NlnbSI7WYxjAm0QO-xZTUQ,27,40.742583,-74.000463
DOMBJrwDiNUnCnxVyg4nEw,27,40.742654,-74.000411
tzhlYvlBeSvR05PAmAfzDQ,28,40.742748,-74.000342
hBF1TXA14Fa5W0YVu2HOSA,297,40.742839,-74.000275
cx60ObOMKp8Fttze9LmbzA,297,40.742857,-74.000319
n9e2kChzKUfWO4QKpsDAOQ,298,40.74291,-74.000444
c_dL7JRmz-0dyWHqQIkkfg,298,40.742955,-74.000554
ffjBUOBaR0-yqCfqdaQf7w,300,40.743043,-74.000764
DAx34_gKgZDlZT9BJCUNrw,299,40.743087,-74.000869
HBtBWhyRiFTw3PVCBcLQbA,298,40.743141,-74.000997
67RXsQ_Ka1QQDrPxfLb7rw,299,40.743187,-74.001108
NKZOvrYP3J0X5tq4q_6tjg,298,40.743233,-74.001219
d-og0qLtoMWp7u5tmlpDyA,117,40.762121,-73.997357
XWiheSbkb0xJwzXozJYxVQ,117,40.76208,-73.997261
sf2YKgjV9RWhikA02iR9Gg,117,40.762037,-73.997158
3Lz-_fxgsWTrjcvQSMBwNg,117,40.761993,-73.997054
EXQbOWJZkkA1kYD7Lo_89w,118,40.76195,-73.996953
ny9WtdtlVJzjc8Pxx9v8FQ,118,40.761908,-73.996853
8DpnmHyDdlAxesLam_1eVA,118,40.761865,-73.996753
v1mjb5aJxLXSz43wwvx07Q,118,40.761821,-73.996649
y1U04qZbvN7dsHvAzveN5g,119,40.761778,-73.996546
nPX9loubbU6Kbd0KYPE3dQ,120,40.761737,-73.99645
E8BIl-BCLXvAnIRe8_JTng,120,40.761698,-73.996357
H4AJlz0r4WTE8fcjVxnJRA,119,40.761658,-73.996263
90ghw6OsTXQ567fKRN0h1Q,117,40.761602,-73.99613
cVDjwEqZz07BQmNgHOBPkA,118,40.761557,-73.996024
32TGPA55LXpi1gxpFid0oQ,118,40.761514,-73.995922
BYOMwc59Yuc7qWXAaNVSog,118,40.761472,-73.995822
qq6PEVgKm3LRb3mWwOwfHQ,118,40.761427,-73.995715
Uq4Dh__cefvLhhlHQdPClw,119,40.761343,-73.995518
ahePH9vNUacFtrVCi-uLfg,118,40.761297,-73.995408
PDtBoKo76hXd-Ko7TPQEKQ,118,40.761273,-73.995349
UhG64sWtUMa5-JkLlcwM9g,118,40.761227,-73.995234
rGvJntlY4ekD9w78mlbfdg,119,40.761183,-73.995128
DEgS6dwEP4wSl1_HDJ-2Pw,119,40.761133,-73.995005
YZt0q6Ek_iv7ZidP1ga3Dw,119,40.761058,-73.99483
ZkaKVk2bkmEJvOxspw7pAQ,120,40.761013,-73.994727
D1LfYBniO8BwVG78t2utzg,120,40.760969,-73.994624
HmvxN8xDM98_h__jAuAVCw,120,40.760926,-73.994524
P1Zg0SYX2n5iFkedliWoEg,28,40.760958,-73.9945
Bm9Sy_EjR5HqNTCGbIbPHw,27,40.761043,-73.994438
THo082TrNw9p7qvDG2T9YA,27,40.761129,-73.994375
twt0qJ6LwPMvPVKrI32FOA,27,40.761213,-73.994313
z7dochMd47_5KZXEwhCLtw,28,40.761293,-73.994254
dOUyktZO9M3YFaSWI-iDaA,28,40.761371,-73.994196
AbLeAW_PLjsw35pHzrBhRA,29,40.761445,-73.994141
hnPxoJ5oqIY-wYXrebRzCQ,28,40.761555,-73.99406
ntTINQZ2Pu1yNTIxZSkrjg,297,40.761579,-73.994111
5fKWzVauILVGtWy-18FVqA,298,40.76162,-73.994216
QVmTZK64VLrPOXNdbbiaww,84,40.71144,-73.981974
LDfroSSvaAOroIg7Tj8N-A,84,40.711448,-73.981856
J1OGOWdq1nkFY-O5up-QNA,84,40.711452,-73.981796
zg_UWRPaiV1F7RWtVItGhw,84,40.71146,-73.981676
bQlqcLBzA5rWd-2PDVaWqA,85,40.711471,-73.981507
2Gw8A9a3txSXp2yv7TZw6Q,85,40.711475,-73.981448
nATBUcfuV8L9hMvkjTZoCA,84,40.711488,-73.981255
ejwKoscgV3jZBvluS7mIeA,84,40.711491,-73.981207
3_UyE6f0xFLRfQAOaZ2gQQ,84,40.711499,-73.981093
PeTKaCp-FIYPS5aqFkmqww,85,40.711514,-73.980869
2KUQJ5z5X7hrNAFaFXwhXw,84,40.711521,-73.980767
gwbbaICqcYbfIaajlE-N-w,111,40.711529,-73.980638
rYD9OKkSq2-wdq5bIkTgHw,171,40.711478,-73.980631
4xT33U2c9R-G6XJFKbmMGA,171,40.711388,-73.980619
oMBVoG9RhLlc9iLjqiHqVA,171,40.711299,-73.980607
manDEuvLZuvCgxhAw5-tRg,171,40.711212,-73.980595
imLGpy3Y8hUUDHTnIZ2f5Q,176,40.711121,-73.980583
6fM2gdAsBMBEidJLHEVEhw,187,40.711085,-73.980579
Al7HgxapFl8gmWHt_WloRA,248,40.711034,-73.980636
dhGWKYZh7XoHHpY6_qHyQQ,261,40.711017,-73.980747
C-GW0ybgAZG_5Pstm2_47g,263,40.711005,-73.980877
TcLKf1L47c8y-4__SROqQw,263,40.710996,-73.981007
9NBUJlXIBVFznw-cjwpQPg,264,40.710988,-73.981131
6frBwTTr-ZDIVb4jCy4wqg,264,40.71098,-73.981249
Bk25p-TvfeY9aEOFaghqVw,265,40.710972,-73.981365
mAvYr9KTHL1fWIOfBbzN6Q,265,40.710964,-73.981482
Q6jQ2_ZPmiycpL8ChITMKw,263,40.710956,-73.981609
oWJUDpENA91B8QQwGcCwUQ,263,40.710947,-73.981739
chLNuHelv4tHNJ4jkN2dLg,263,40.710938,-73.981857
Zk-7KbwNhSDWxCyI_yC56g,264,40.71093,-73.981976
B4NuP9Wd7mkGvEG2gxXChA,264,40.710918,-73.982094
lTnJddsYMO0zHK7JptNgIA,264,40.710887,-73.9822
6pB4Wmm-JuCSpgakRaNTBg,264,40.710882,-73.982259
hSMIjyUNr6V8Aj5F2Pvwgg,264,40.710872,-73.982377
2VrjgBP64M1U8J16EIDv7g,264,40.710862,-73.982495
27rM6Kj29EOEzPGy-nthyg,263,40.710853,-73.982608
IhJkKnCZjTGuXaNkn0t8Lw,263,40.710844,-73.982726
esxMxtdi9rv6ZjzX5jyLBg,263,40.710824,-73.983004
0TegMb7eHwXxOU6TMFswKQ,263,40.710821,-73.983062
B4lnXqa1mqxt_KY1lLEYKw,293,40.72512,-73.995169
WefAc8iuwi7UijQUi2FPNg,289,40.725136,-73.995224
HQkhJhZbpY5xRyS0wO3NTA,29,40.725183,-73.99524
GwD0dX8ChuBa99yMserqbA,29,40.725263,-73.995176
YG340j1bNYmAHEGHSLPlEQ,30,40.725332,-73.995121
OgWJWJGXx08735wtYhOx0Q,29,40.725393,-73.995074
InL1HWrWkGSGNo_bwWbu7g,30,40.725508,-73.994981
_bwotyfokp4HeJ5jJ_7BaQ,31,40.725585,-73.994919
4rFyoqOMfzLhfA226zzxJA,31,40.725661,-73.994857
QTpmYMEBOMREPo1UrxLNuA,32,40.725738,-73.994795
lgdjgZd2Dzb6zXS3DggK1w,34,40.725815,-73.994733
MjnOt1ohyGcN376SDVmxzA,118,40.725929,-73.994641
nyBwbjpXEIbLxcwT0uo7Wg,115,40.725904,-73.994588
-rvnhZz-1ihVEGHtjez0Aw,110,40.725849,-73.99447
5fUtF_uiPIt8n4-uxf9GSw,86,40.725838,-73.99443
bU6hY1dOQFrNhTMHyw23mQ,105,40.725806,-73.994312
EAeJN4ikq92mVn2s8NmPTg,110,40.725773,-73.99419
gELVk1Q-xur87mJtyqGciA,111,40.725742,-73.994074
RFghJ2mE0Y-6eg_Jd0US-A,107,40.725712,-73.993965
zNDF_Lzqk2P_eAvB3uxe0g,123,40.725672,-73.993817
6DhGWKc-KGauCZySqxSARg,110,40.725645,-73.993717
OFQYeqGYPf4T76bShh9bbQ,165,40.725626,-73.993788
g4JA2UKRr9U05LcNfCZTDQ,197,40.725537,-73.993827
VSrHfG7pvHNyu5qEVE_VAw,200,40.725447,-73.993866
d0UyPFmJvF0YAgrDHDXPAw,199,40.725361,-73.993904
LljV_-zI7vov46-LqtO5Gw,199,40.725276,-73.993941
19IVr8CdRCIzicoknzKnLw,199,40.725191,-73.993979
87RlEtZ7KGlmH7x3uxsxUA,17,40.719867,-73.995263
CnYNA5Sa9Ee0jA5MtY2JLw,297,40.719887,-73.995312
Pw3sYa1g97FlPCZxWTN2qw,297,40.71993,-73.995415
jGCf_trCABGmWHrV-OKrHQ,298,40.719971,-73.995512
eKxtps6zfNdfE5s_tqHMkA,299,40.720015,-73.995617
-6lHEvYONTb-VzoRU42sjw,299,40.720063,-73.995734
Pyzcv5F5z_9WnEMGPRWFxQ,300,40.720106,-73.995835
0Sn-YwDIwBLLskDGQvGsoQ,295,40.720149,-73.995939
9b-ZmfWyowUpsVm80bhq_A,296,40.720192,-73.996041
CGuVWEHfrhOpU8qYMmL6bQ,194,40.720149,-73.996058
wh2CMmwozgozDKx5zM-FBw,195,40.720062,-73.996091
swz8N4jF8bHai1bElGucXA,197,40.719976,-73.996124
veaAGl8x6p9OWneNL6UNDQ,195,40.71989,-73.996158
uizGH4pcMJWaHqCVNRN5sg,196,40.719804,-73.996191
MTzMEHFva-f97K2xBoOiww,199,40.719717,-73.996225
ZOnnaA-0GFfGAzVFZsfOfA,199,40.719631,-73.996258
VXBGpja6zHhV5swA48lQzQ,197,40.719545,-73.996291
33WuocR_HbYJGAqpy3umRw,196,40.719467,-73.996321
TtZ4BsFQ4l925IOmHAUEhA,195,40.719346,-73.996368
ur_yp8PpE6-QHZvI1xV7MA,198,40.719174,-73.996435
hQAxp0vDA-fqq4cW5RXQ6A,182,40.719087,-73.996468
4KtRrklNZog2frv2HWLu9w,159,40.719039,-73.996462
_19gmB6ODBbTCop_w3lBDQ,109,40.719007,-73.996365
U76wXY_SdQI-bXYOHNZOrA,113,40.718967,-73.996245
252h7EfFAnuIxNF6d41dKA,114,40.718931,-73.996137
VycETDsjWOVm9pnpWnJUWQ,114,40.718897,-73.996033
yaEhDdHEqOKnRH_Xz0clWw,115,40.718862,-73.99593
QumMdwpv72f43OuGK0myMg,114,40.718826,-73.995822
i30Eji2l_GNMJWp8-eQ2Iw,114,40.718787,-73.995702
OXfB5qKdXFM6QzhwPqhwFA,13,40.718814,-73.995685
J9fSESjAMnb2yJU2-uFPPA,16,40.718915,-73.995644
j3bl4oa9cCSgydl2Odgt9Q,19,40.719005,-73.995608
LQeF88FnfSHBxZGYKWydjw,118,40.756761,-74.000336
TD5b5koX3mR4pIpbjADpkQ,118,40.756717,-74.000232
5HQ1PovrqTFPgD0_A2ka6g,121,40.75663,-74.000024
AMcgf39LhcRHaV3y839RsQ,120,40.756589,-73.999926
Iecyxv7usq368diBFyfZiA,119,40.756558,-73.999855
0uh3gVXGTcVM3xyLA-ATEg,118,40.756516,-73.999757
EhvjQfqhZSUAA6Rw8CN8cg,118,40.756472,-73.999654
hAd3BnyXJf5MIXSYLQDe3w,119,40.756433,-73.999562
PIa1d0gmSRwQzNCWKkgrAA,119,40.75639,-73.999462
Mmtx1cSBm71PfxU0Zmmt9A,118,40.75637,-73.999416
0UTIphaa7H6wjW3P961mTg,118,40.756328,-73.999309
K6qWL8rnvfihJzI8JEudoQ,118,40.756282,-73.9992
UbK6nDj71awZCOzBCuXzGQ,118,40.756236,-73.999092
L1HzPIljhurx4mnpLzzVHA,118,40.756191,-73.998986
4O8lH5tFSwe_bo9C4qfi9Q,118,40.756139,-73.998863
7DyymCMo1-gn3MirKyxBCQ,118,40.75612,-73.998818
8k2ExcwQcm1zTMBtjIlhEg,119,40.756078,-73.998713
mMu5I5G7uvAb2qNsqiRkkg,118,40.756039,-73.998619
I0Ab0hdGRMqbu2h3hVQm7Q,119,40.755966,-73.998442
EZSkHRZCEByN4-bHIdnehA,118,40.755919,-73.998327
FC5OkxxwyX2fC4jjpfyMpQ,118,40.755872,-73.998212
A7uyIkXsnvz6uQq12PebnA,26,40.755899,-73.998189
VTALSurJ3dLjYn9Xvfus3g,26,40.755976,-73.998134
La_rPwyOP9Q-9rmX11OwAg,28,40.756052,-73.998079
bGRGEolFShRKN_Bc71hSTA,29,40.756128,-73.998023
rYaFxY3vKAbXlKXCY-elhQ,28,40.756241,-73.997941
J2l7mpuwL3JPXPymqtJRLQ,28,40.756279,-73.997913
r8mFC-tGvd2zBLC0CuA6VA,29,40.756359,-73.997855
TjiRn4-UNYhXNxMwcKZ1Tw,29,40.756438,-73.997798
L74UzYs9AZa1G6M0jD5nLA,28,40.756499,-73.997754
QEB_B5O-uwLkx2QsIKpquw,209,40.757535,-74.000707
7cxhY_RIxO47CtetnfEnTA,209,40.757456,-74.000764
_ykz5SPbvax4fSfhEBXZvQ,209,40.757378,-74.000822
vFpAzlUCZeatui8NSDMrNg,208,40.757299,-74.000879
caJQ0kyu1ZxG3RLxWD8hrg,208,40.75722,-74.000937
2yfKIE3QAgTNZyoxYzXi1w,209,40.757141,-74.000994
s88wt3rqhMB2-raNVzyGig,209,40.757063,-74.001052
ECbQCQ5Di0urZ-DiUa4b5g,141,40.757035,-74.00099
g9dxs2Z-uvg_9xHRPQO2Nw,120,40.756987,-74.000876
mkYgkB13X5FDro716DwYtw,119,40.756939,-74.000762
_uJ4umRdwWPhLtqQsbqoxg,118,40.756852,-74.000554
Qu7NMfcWol-gBHGdY_2vnA,119,40.756809,-74.00045
ZnpUgu4xx06PbJqDZkctMw,118,40.759168,-73.990341
uAhRKDko8eRleLQSJYnjcw,119,40.759117,-73.990218
GAjApAB3TcLbXWV6z19zaA,117,40.759022,-73.989992
KL79BMUrXIHlNL5uKgOYFQ,118,40.758981,-73.989894
gcBR1MssPC51dstaUsNqIQ,118,40.758896,-73.989691
uqxdKqJbmIkf9XZg1-Dmiw,118,40.758852,-73.989586
5MZeQ2f3bduUbrPtEWFzug,118,40.758811,-73.989486
G2ziskmJF6URbMXMcnPsXQ,118,40.758771,-73.989392
ct3zB0SjX250npPf4w00sg,117,40.724487,-73.985347
-rlJ4gPNZRyHMrhhGKbNWQ,118,40.724443,-73.985244
hrUBEzpzII4QPDWyr6g6nw,119,40.7244,-73.98514
oiaDYPSChFPIgETO8NhEHQ,125,40.724361,-73.985046
_bKONKm1tdR_Kfv68x_YQg,119,40.724313,-73.984942
AMF2NBVvnfaKXw1Cm3St6Q,122,40.724238,-73.984786
EhX7oIjLgxoB8-5sp9qVIw,228,40.724135,-73.984938
iaIgKRC70e0GPzSirFSHrQ,207,40.724048,-73.985001
raWjUe-WVz27a3h8h9eqyw,210,40.723969,-73.985058
05TSr4WfeN3P-4_efFLGow,211,40.72386,-73.985137
NR-nFPG0g3ufXTekthUVGg,211,40.723774,-73.9852
03QWYn4FoVGP13QjcWORTw,231,40.723697,-73.985261
U5sST2TktbMuqV1f5sASfg,296,40.723654,-73.985292
_PRrKsOTKTJpmiIy7nSfBQ,208,40.723623,-73.985318
RQ1OcIDkiknXMJvszGrvfQ,208,40.723545,-73.985375
VTOLhTfF577qgYOUrrycIw,208,40.723466,-73.985433
PHdt6OkUfBaIwQwRjTt43g,209,40.723286,-73.985566
-sDyyeyQvtP1Ey44FKNiRw,208,40.723192,-73.985636
3_E8yEWcLdiVsUYt9bwX5Q,209,40.723097,-73.985705
40cr8d20NEb8A4D9fIOKhg,208,40.723019,-73.985763
1xIolp_uLpKvDc6IVGPu9Q,300,40.723028,-73.9858
ExSDHcH6yTkQMKQPTXNTSA,208,40.722899,-73.985838
e-V6d9tsBxV-cayy-UQ6Zw,208,40.72282,-73.985896
UHIr3GIH7I3et79b1FLy6g,208,40.722758,-73.985943
Ulor7nRJRyYHjB6IaQkV3g,208,40.722664,-73.986013
UrQp4Ukyll2xMrnLysbLdw,208,40.722618,-73.986046
h8BUTHWhbDycNLao-9Zduw,208,40.722538,-73.986102
G7Hy5UEEHJq5XsqEqmSdpg,208,40.722459,-73.986158
ewmyqVHf790aXPfFq3jmaQ,208,40.722381,-73.986212
CuWGH3c8o0ODwLgupj6Wyg,207,40.7223,-73.986264
35ZyHLQxbciZlxQ4ePqFzw,250,40.722312,-73.986297
bMBQSaIwUZ3fqMW8wpEF2A,278,40.722331,-73.98635
1nv_vFFGZbtJkOUqme0ihA,291,40.722345,-73.986399
qCWx68Puy0W20afx4z8Ekw,295,40.722369,-73.986513
rnB-tULsN818PWFk9ICPMA,291,40.722404,-73.986672
8-DRutXTGOY3YW3TptcSXQ,291,40.722458,-73.986847
5kA9WMpbzNNYRYAhGMHKDA,204,40.717856,-73.997129
ha9X7U_riVl72yPAEosIYg,205,40.717782,-73.997174
AZzfXso94EaGqCGiHQSpVQ,203,40.717701,-73.997223
4jGqPYG9odHm9cy3hV74bA,203,40.717611,-73.997278
0Vroog_2V0NFXaM-gf5BBA,204,40.717521,-73.997333
-DrkLW7x9s4Hv-areQ6LxA,204,40.71743,-73.997389
dN5mIKxz4vevDbvO05mVMw,204,40.717348,-73.997438
2IefKwDhEiQv-47QUHjkXw,204,40.717263,-73.99749
awBQpAgT_uHWlVutpTtHyw,203,40.717102,-73.997589
DHus5_OSf-drYgMdwNwYvg,205,40.717017,-73.99764
wqEIt8wb5Rpmb148XDwojQ,197,40.716935,-73.99769
oG9iH4Cq8cl_pBC-F1RC0A,294,40.716821,-73.997759
IuEoGkOqfFKQvtRXQ0aibQ,294,40.716879,-73.99792
qe2WfQSb3ltnNQDmtEdS1g,294,40.716914,-73.998017
b2zlk8BXmYyXd5Gje_bRFg,294,40.716952,-73.998124
CnCumw_lQZvP3zTgfzNeHQ,302,40.716991,-73.998231
CqpT9TvwJ2xRrNPH6Alnlg,298,40.717028,-73.998339
h6J_5lX7W_VwWXCgpH20UQ,294,40.717064,-73.998448
XejpWec58cTmOwPoA42Svg,304,40.717094,-73.998534
X4EqMAWQEhPMrIy_bew2Dg,295,40.717129,-73.998643
IQ4MFOL4he1W4lw4t6gWhw,348,40.717144,-73.998568
ce37HRkRKuucIlMcOkGtGQ,23,40.717226,-73.998518
PQHTNdRsiJivT_ARCmdaJg,296,40.750645,-73.987707
OznOjQlSgKSD-lB8MnERoQ,298,40.750699,-73.987832
6Ofpe6MbnGp_h5CN4sVYzQ,298,40.750721,-73.987884
Ei9koQH2TFg1IjEt-Vozsw,297,40.750758,-73.987973
ItIAENiZ4i1qFyR4YiH-7Q,299,40.750823,-73.988129
pBmVA-fNQ120LHtK9tJslA,298,40.750867,-73.988233
QTEmRSIDWZmBb5dV8mQK-A,296,40.750911,-73.988336
wCKSRrmyENuuPzJEZAGYEg,297,40.750946,-73.988419
N8tTX-uRuYX4zivIq4PNFw,298,40.75099,-73.988523
bECCiR57IS8PKg-vcMuOsQ,298,40.751033,-73.988627
FKqrJWQxG1JD46loFG2sbw,312,40.751083,-73.988745
wNnOjStF86cNPywn9Ec4ng,290,40.751133,-73.988864
7xVuE8MuEtweHGLc1xEF-g,300,40.751185,-73.988986
lBVOR2iW71HJp-qWATMdLA,299,40.751225,-73.989082
yitwqsUgQiYpJ83u1uG6VA,298,40.75127,-73.989188
JasdwO1QI-6t84OZ9M38LQ,299,40.751314,-73.989291
7nFXIc0tB7F2ZUnZyRT7ZA,298,40.751357,-73.989395
5b778vyOzS-CkTJNe75jyQ,297,40.751399,-73.989495
7NVSJ7eyq-Dt96FeFt1sDA,298,40.751483,-73.989692
hJ65iKZNDjLLbtdVpN6hjA,301,40.751528,-73.989799
ApSlRvEoVyN_6GDoUOy-ng,301,40.75155,-73.989855
VmUdRRG7yV5Vpd4PrqijDQ,298,40.75159,-73.989957
cmIQKCh-RZch7DMu1tBBxw,297,40.751631,-73.990062
9g7tROKtcXKb-WlQarbY3w,295,40.751666,-73.990151
n937e0c1t4HhP8K07Rftuw,207,40.751618,-73.990184
5KgLNhd9ngfn3vT6dVSfvQ,208,40.751539,-73.99024
tOyNhytEY12cfwz8-4QY-Q,207,40.751459,-73.990296
xdpGrI52Zfr7rzRMeR83UQ,206,40.751382,-73.99035
IjOAdCC0stp8iODrzDxPCw,207,40.751343,-73.990379
VKOfU16bOi2eOONxo8CHBg,207,40.751233,-73.99046
JcTciXLrdcgvmWITCV6CbA,207,40.751162,-73.990513
2upEBmpJklC60fU0W85wzA,118,40.751016,-73.990623
iJNUX_uua5PnPp0uQDApGw,211,40.750976,-73.990651
5JAMn7xyG3hMjND4jLaBVw,118,40.744348,-74.00204
KxIj9Gnxj2Qn1z3lTjmlLQ,118,40.744303,-74.001933
Nucqmhl3rXGLBX-qwz2pzw,118,40.744258,-74.001826
erJKwI2XoayuiCxczlj4Dw,118,40.744212,-74.001718
xnE4nLMcSjz-WE_S2JfZ0Q,115,40.744169,-74.001616
ZAu3jE5cQjYQN3CI86PJtQ,115,40.744126,-74.001513
cpni_IxuOXNNhZopvAenaw,117,40.744082,-74.00141
9QT_eUt0eWUFrinpDvMsbA,120,40.744039,-74.001307
1jVPbVn6qfSbay3FIsOjaw,120,40.743997,-74.001207
g_4gwX1q15HYhv59ZRHudQ,119,40.743954,-74.001105
oFFPORwOcmRbRp1uBrWjSw,118,40.74391,-74.001
942U6ACT1KQMXx169KXoMA,118,40.743863,-74.000888
piaKbiEHvwmZ6ZDrcejE2g,118,40.743818,-74.000783
lH2fVD1vt4qeN6haW5i0BA,118,40.743776,-74.000683
Q0Qr2r7lv8R5hGH7OLiRgw,113,40.743733,-74.000581
nEUskzKjUJBcT90J31x6Rg,117,40.743691,-74.000481
DpkIbOOH_TWysLJ285Lw5w,121,40.743637,-74.000353
N9-kpLJwovxCR6_Aq-5fQA,330,40.743589,-74.000241
sE1dI8j_SVsL7YEf1pSR4Q,322,40.743547,-74.000141
URdQgdoP5eRyCX4S-2YuFg,319,40.743505,-74.000041
vJBhev5ezk-tk_V4p_687w,321,40.743463,-73.999942
OGIH84OlhBvsGXJTg3r58w,324,40.743427,-73.999855
YY3gzyO2KoDjTIOXZvap9g,117,40.743411,-73.999818
EPFRNanHFDKhGNqFzkckaA,28,40.743461,-73.999814
_R1FZkwQhV1WtjPl3m1jTw,28,40.743541,-73.999759
5YwmlGoozOI1-JPBPxr-3w,28,40.74362,-73.999703
dLvCIVCljGc7YhaMDdQI5Q,28,40.743725,-73.999629
6Gf5BNF0AK2Bh3dCLtYsew,29,40.743773,-73.999594
qkmrRv5f019bsf1w7I4lrw,28,40.743851,-73.999537
JpY_GPq3yw9kEaC41LzoRw,28,40.74393,-73.999479
qAIbl4jq1lBVCMeZpnmF5w,27,40.744009,-73.999422
Af08ZFGtSuBN_fDyv4hzdg,299,40.744022,-73.999452
jDZNQVWLufuzZBReTmn8kw,297,40.744066,-73.999557
LVsRm6I-v6F_Oa9XfIJThA,357,40.711756,-73.984803
hCdwzIB1AkMrVCIV4gHbOA,351,40.711703,-73.984795
cQ697zgyHgmSjJOLiz9Bww,306,40.711692,-73.984868
s5sVrBzU8Z_Q5bLTWCcQJA,172,40.711644,-73.984896
Xzt7i3nALr2RXhLkTgA1Hw,172,40.711556,-73.984886
HuSP0AqHJqZAqdmdv3BM1w,173,40.711466,-73.984875
qvjVemduxKNZsBB7cRiqZA,173,40.711377,-73.984864
llFORnODGKnBKb_ESNhgKw,174,40.71124,-73.984847
b5XCB-lVrZKEb033ruWmEQ,40,40.711247,-73.984731
g4sKahSa8XECvN799wUf9A,36,40.711248,-73.984707
J2BtbYgyfSUNGHaJs4wePw,78,40.711258,-73.984578
1sE5DEKd6HZi_3ukje5eYQ,85,40.711267,-73.98446
qyX0huGH4alPKOwnlAz7HQ,84,40.711276,-73.984341
m67hmy9Y636GLP8qP2XYfg,84,40.711285,-73.984223
XPAKS6evyKbw4Zojt7PuZA,83,40.711294,-73.984105
etf9FZp4IcuMd6hXv6gV3A,83,40.711302,-73.983987
Z7ir6glDMgwDlezsaWxWJw,28,40.711365,-73.983648
v3BzYoa-lK4m1AFKa8Z-zA,355,40.711463,-73.983661
dkZueGMweGV6c8Aikc0wSw,353,40.711562,-73.983673
_0C9K5w45-6dr96IH9_CiA,354,40.711651,-73.983685
Uvebyz9Uo2H40mlH87JWOw,353,40.711741,-73.983696
j8bP-BLH9AEtvmD8hqzF2w,353,40.71183,-73.983708
bKHiN0cR5ZATN79kDuHOqQ,353,40.711915,-73.983718
7jreaUKhrb681H7-ACVTkQ,353,40.711969,-73.983725
z1mUo3qJf7uXMEVys69-UQ,299,40.744094,-73.991647
vGyfY19sEVAMOrqL6ECQQQ,298,40.744136,-73.991748
xJ4jJ3MIcvyRdVYqGt4OSA,297,40.744179,-73.991851
KQ3umLVJSuT2usT8ONKJVw,300,40.744243,-73.992002
IPp1EsDAYbWWSNAYXogeGw,300,40.744283,-73.992096
dl0-eltl9YFJgkq9tsbtUw,299,40.744317,-73.992175
an3EQxs9p23timlf8oWBGA,299,40.744362,-73.992283
i3_aO1Gz8N7RJBKvalj68w,298,40.744407,-73.992389
OauZXYPG3RYW00MRDiLGoQ,298,40.744451,-73.992491
2SBqKDjhsiauNdSVaiRcbA,298,40.744493,-73.992593
a49QExLq-Lr4_ICs2ZexNg,298,40.744537,-73.992696
-BgwfcArILVN9jDE4oZosQ,298,40.744581,-73.9928
RKS6wk9wOoisCrExnqmGGg,297,40.744625,-73.992904
IIq-Qu3_IVG8oWiYOw4UQw,297,40.744673,-73.993016
jKTqxX6YMyiVFa10Df_Ldg,297,40.744717,-73.99312
RxMRgMUotIaOQnQvQBgonw,298,40.74476,-73.993222
2DhY0Dg7Z-4yltD0QHiP8g,298,40.744801,-73.993319
ZYlQkaL0_P9c1JXAyIWYRg,297,40.744852,-73.99344
jbx2uwieZ3UhaczLxhCJow,299,40.744899,-73.993551
cI4iwnExWpHIVJ6qJ73__A,300,40.744944,-73.993658
7nzlSNrD8Ofn2MdmMn1G0w,300,40.744988,-73.993762
n8hpl-BjHtWiR4jfOe0Efw,300,40.745032,-73.993864
SBeNIfbhlItcTR57bKigAg,300,40.745068,-73.993951
XGVBYK5oDcZGDrOMkR61bg,300,40.745117,-73.994064
wsvWiu1whjzC3s8-t14Qag,300,40.745161,-73.994169
r9rcVS3iBsmgAAoNXTNNdQ,299,40.745205,-73.994274
bSqIturg7Y36kqHgJHmPFg,298,40.745249,-73.994378
Fjd32r8u-dGxRX77w74Gqg,298,40.745298,-73.994492
4bAGzrufY6qDRx7rfjmmog,298,40.745342,-73.994596
lnwulRG3Dv8Cb06FYo7VBA,297,40.745388,-73.994706
OPgXb8mQoVGL9zetBmZBgw,209,40.745354,-73.994736
ICjq7R7eoitNxYICwCmWaQ,209,40.74527,-73.994798
CQpR64yJsnhD19xbwIjaNQ,295,40.729833,-73.988725
zO_H61UNKEoyaxs1C4oicA,294,40.729877,-73.988836
0VRghzcj0boFbss0R54-7g,295,40.729918,-73.98894
pHCzNHB0RTcS7RX68CsJZQ,295,40.729939,-73.988992
SdxQHzzl6SRIO70RtHNd7w,296,40.729982,-73.989097
aF4FQFkpWGLMKUW573WGqQ,294,40.730024,-73.989201
91UmKRqGxFRG0uEptNAuIQ,293,40.730079,-73.989337
IoyKB2otCyAM3n13e4foBg,327,40.730151,-73.989512
4GiakWexZGgFlI30l8bCMg,207,40.730263,-73.98938
ttMONdvxgU4w5g0CbN7MEg,207,40.730344,-73.989322
GX5JnuyIj8JG7EyLSn0pqg,205,40.730428,-73.989264
fSfuv6k-NQZwez9XwHAaLw,207,40.73051,-73.989206
95yGwkv0lSopuUsdUjjA9w,209,40.730591,-73.98915
i5Aof2Mn9sJT29jmU9ZyUw,208,40.730671,-73.989093
Yyy6uajIra_GR1aLbB8J6A,122,40.730717,-73.989061
S6lrVqj6MVpjJt53a-w63Q,122,40.730651,-73.988905
tkzI4Yhlwl2kmZ_EEg2kgQ,119,40.730607,-73.988801
TrtQHxctNf89ogmMOGjmlQ,117,40.730563,-73.988699
5chIPIzr_i8lGjGLAopY-g,114,40.730518,-73.988594
PGHdS1P5ozS5b-0LWeMAzA,113,40.730474,-73.988489
uxI_Jd_M8eJg4PHe1xOjkQ,115,40.73043,-73.988386
inz6m_MAaTGzfVbPZb2wHA,116,40.730384,-73.988279
y3iUKi2XdPopo21_6CqNEQ,119,40.73034,-73.988175
8rXUgU887T6XNpO5-Fx1BA,119,40.730296,-73.988072
ajlXfPIAwNJKylP3cTPr7A,119,40.730252,-73.987969
sWWKoB1PjYwqDMrlwOhTXQ,119,40.730208,-73.987865
hB2Y4o80I8UsJ8FOiA8fhg,121,40.730164,-73.987762
ngrOswQGkr7CmKyPKnqHeg,121,40.730119,-73.987656
OBs8_yRQZ_TSoQxqHq2omw,120,40.730074,-73.987551
gCzm_1EdCGu49vq_bBlWuA,119,40.730008,-73.987387
dqIInPYKUFJcHrRV91qMYQ,119,40.729966,-73.987282
kI2dM6TbNNsrrA-kVDPNGQ,119,40.729881,-73.987073
HiHvD7uYh4YsaDpUH8iSYA,30,40.731345,-73.982568
8e0muhvpdXS0dPdytA0cig,43,40.731405,-73.982533
wNHgwW3NLbGNjxWCK_5lUA,31,40.731442,-73.982511
Wz7pz3MJB9zBJnmiByR4kA,27,40.731561,-73.982434
9ZtAqW8Hypw1KfTcjRxf9w,28,40.731693,-73.982337
VcdsCSNG1S_8Yj9SE7G23Q,29,40.731825,-73.982235
PPmGLxvpCRf5uzBz9wak6A,29,40.731902,-73.982175
nXOr_wK3dRpxR0Zyx8IS3w,28,40.731981,-73.982114
SomxodI6cIsAcO944oDOKg,305,40.732106,-73.982242
bQcA9fUn9WAU-mtx9B1N3A,118,40.748894,-74.001111
r2tzVpimYKZXKBnlfzPVeg,119,40.748856,-74.001021
Jvey45a2x7ONCgvcwWYMBg,119,40.748819,-74.000933
f4zVcN32lTdBkOWbDEp5Dg,119,40.748792,-74.000871
hu6QzaOz_2WjWvqi6gAStg,119,40.748748,-74.000767
A37pdoP2AVwiLvZP0tq4aA,119,40.7487,-74.000654
Uk9nob4dk5tuwMv5VQtnoA,119,40.748651,-74.00054
baf1RfHjpyC35nGU9bflAQ,118,40.748598,-74.000415
Lo9lHWvs15tdgCCz3mciZg,117,40.748554,-74.000312
UEp0h5x1QAbmA6_oW2Uw3Q,117,40.74851,-74.000208
pnzQcIjx_G81cfwyQMqFzg,118,40.748466,-74.000105
JeKYuhrEUwsjU_kONGhlKQ,208,40.748419,-73.999994
gJ0cm5_Fmo-DWh5Wyd96ww,208,40.748379,-74.000021
xmN3cVzF9uG0Xv93YJgezg,208,40.748292,-74.000082
EIxS367XlBdy3HUejFTNRw,208,40.748212,-74.000137
k0Ay0v72Zv9IM1PxR8zrLg,207,40.748132,-74.000192
sY5mZxoB8WlKwcLi7_zPlA,209,40.748044,-74.000252
PlXY-pRb0SeF9t-2kdiPOw,224,40.747969,-74.000304
z6hwD2As6i5_k1LpFZW4XA,209,40.747893,-74.000356
w36_0qv5kHlyY0TCUJH2-g,249,40.747813,-74.000411
fbGmtGhc1q4hORFjeY9mtw,286,40.747821,-74.000497
pRtc3vLeiAfWNFZ79-H4kw,299,40.74787,-74.000604
mTRMP-wNbF5U5Wzzw23pIQ,299,40.747919,-74.000718
A8IRsqqVqEFV2flAzMFnxg,298,40.747962,-74.000822
UsE_10Xt1wl0nb5rlScUpg,297,40.74801,-74.000936
Mp6FAFlLZNFeO3QExWui_A,298,40.748054,-74.00104
hjPonnE1wPGKXmR-dcPoDg,122,40.716222,-74.004406
OuBfQ3ofUI8SDwVToGzQkw,121,40.716175,-74.004305
zsTD9i01H-EFt0ckikKIkw,121,40.716117,-74.004185
d-iKSKwFR_qPq0QHxctJpQ,121,40.716073,-74.004094
WVUJfwEecPaqxkVdqNvZQQ,120,40.715997,-74.003933
BJaR0bUoHF7p8FgajFIB7g,122,40.715949,-74.003832
KpuvynSqq2HCbwtyGPplnQ,121,40.715901,-74.003732
xnSZTJrt0diFnus_IIMWuw,122,40.715849,-74.003621
u3tBTqiEWijehLj6whwhAg,122,40.715773,-74.003461
-txnSS0cUXXAbLaFNBlsOw,123,40.715749,-74.00341
T4PdboHiJacHnEVV2W4aBQ,127,40.715703,-74.003309
xFzm1Uw6JsijP1vdcLcZMw,127,40.715656,-74.003207
CPB884ljVX4BiKFKd8qazQ,119,40.715611,-74.003103
S6sBXsoH0RGXrmaW3bw_4A,117,40.715584,-74.003038
t6lLFRqiyHTIbfk0tme1Ow,117,40.71556,-74.002987
UggahrmZfuAYWoVhWulo8g,120,40.715489,-74.002836
TLuY8n4m1bAXIIbUUSuQRg,122,40.715442,-74.002735
YciQQsl9wpAVFe5jwtwYDg,122,40.715395,-74.002634
41-AsGVietO5WAvlTT4zdg,121,40.715329,-74.002489
Xc2HLJyY40VC3jKDJI6g4g,130,40.715283,-74.002387
vy5g-0c__SqO97e8nLCxFw,143,40.715242,-74.002295
_JllOULE1cmCMm9j1qBeQA,90,40.715183,-74.002154
zLe0gNTwPM80C_-7fA3aWA,28,40.71517,-74.002122
97VaIxb9SpVlO9k5Fyu1-A,28,40.715208,-74.00209
3PDl7MlMaonBbg_YnK4WSg,28,40.715287,-74.002026
4VdQik7Twgi7jj_IFo-ifg,28,40.715365,-74.001967
T8C7JoCmO-j542QmqUYXuQ,23,40.715442,-74.00191
IP0y8aQPdWV7kzZNsqyjKg,16,40.715515,-74.001854
XvTeEpi9DWkIeWomTrOJkA,27,40.715658,-74.001747
7LV5P4yAcpFbvN-ZLRsNfQ,25,40.715725,-74.001696
WkTle_vBPctcj3QcHdJYUA,30,40.715773,-74.001661
AH50QnYnyCnWw3m23qF7cQ,281,40.7158,-74.001844
C1ELzBvlprpfBxTPLD7VUQ,303,40.715849,-74.001944
jquDqNvUrTukSAdlYelnqQ,302,40.715898,-74.002043
PhrdMSW2SZN110RBsKXB3g,302,40.715947,-74.002142
qdGHxkVw9cXiBvnc8s5utA,302,40.715992,-74.002232
qe8vy1WSltptMgKSJXU0mQ,301,40.716041,-74.002331
m0huyLVhnTbPOfwIuzTQNw,301,40.71609,-74.00243
-Ju_Cppv-De9oLndMtRrNg,255,40.716153,-74.002556
yGqMC3qavpB4k7H40WAzlw,32,40.74739,-73.98323
4185uwr4scsQbHgPy6-Nlg,30,40.747469,-73.983172
Ew_cxt5dY_sWrarvol7RIw,27,40.747643,-73.983046
4ChH528Mm0zH3EPtRiXQcQ,56,40.747723,-73.982987
TtMG-V-_daRdIRSCOyW9JA,118,40.747765,-73.982957
kgO-ANN5KeFYyIzhFptyTw,118,40.747743,-73.982905
6C9w2SHLUu0JmN57KTrtlg,118,40.747699,-73.982802
_PoWmkAVZbXK7VIKiRnrrg,118,40.747619,-73.982616
pKBPUwOSesldDliUWOwQPQ,117,40.74757,-73.982502
QrqR0_CJ-njOd9lIiITezQ,118,40.747527,-73.982401
wF_omF6IZRWlWoMwPwNk-A,119,40.74748,-73.982292
BYy9DcmWzoauGHck7Oaapw,119,40.747387,-73.982075
iPpc7wy0XHCa9wfMYbu4fA,119,40.747344,-73.981973
jlnqMXXMFUB2HxPHVGBA0g,118,40.7473,-73.981871
tAyeFyH02Zn1HkordWVERg,116,40.747261,-73.98178
xPYVJNrRAyWg9Lt7JaxSmQ,118,40.747216,-73.981675
KJaKJ2CsHkLnSOJ3Rvs_OQ,115,40.747172,-73.981572
9nRkCd9BFBFD_yjqrSMn0g,176,40.711132,-73.983291
OKGGbLfM9c6rh9wW2Ut7Og,174,40.711037,-73.983278
-R9lCbmPaJvRpUGcpr4l9g,183,40.710858,-73.983254
pEj2fVQOvEQV-A4dVU_PKw,208,40.749935,-73.977149
r_mSBcBC7JLRjfCYqPE4Xg,207,40.749858,-73.977205
Mj3JkiZbgUOKCCHxnDzbQA,208,40.749704,-73.977316
Y9zv7gbscygEmdHqHanmjw,208,40.749622,-73.977375
KOjrbW55wDXkq73J--jQyQ,299,40.749534,-73.977438
RsHOuO-T5Ml0EFBruBgwBA,299,40.749559,-73.977498
3XNG_FhKZ3gjC3Hiy7Y1Lg,297,40.749604,-73.977604
INd1w6fnT92lLYq6fLDO5w,297,40.749646,-73.977705
WgW7mrRTY-RsMWcma4EN3Q,297,40.749687,-73.977802
kFyL1Zt2Rhq33nbUP7PyYQ,297,40.749729,-73.977901
U0XLp9QJ0266zDdp_vm3rw,297,40.749771,-73.978002
EBx9WWmeaOlSTlDIvoxJQQ,299,40.749854,-73.978197
uJSyRR0MtBD1A_7lFglK7Q,297,40.749911,-73.978331
AvzM-F3Irp1WdYLt7E-I1A,297,40.749957,-73.97844
cvTK1MYa6pe7RRVouNIGLg,297,40.750002,-73.978547
dXYSbJPxkdZBKLChJ6saPQ,299,40.750048,-73.978657
i5uD_3wcg2tKC2lnnEPrSw,300,40.750091,-73.978758
VRz9QT3HpQnRJ42-4Tlmxw,298,40.750136,-73.978864
xR70JRdDx-eXLRnYAkqo0Q,298,40.75018,-73.978971
tOaNP7Z3n7UqiYZg-kJUNw,298,40.750202,-73.979021
OzrJ5CbsfgvX7_n7ifR_tQ,297,40.750245,-73.979125
EBTlVIgI7iS083hMm-K7SQ,297,40.750267,-73.979178
0w-xNN3x8t2Wy8Cdzge3RQ,297,40.75031,-73.979279
FwVH5DL2OXCtwbvZIbrW6Q,298,40.750354,-73.979381
AFYS6x0LEyU2NzkjZ9m78Q,298,40.750394,-73.979475
dt2ctXlqd0RJkFlQqM426w,298,40.750435,-73.979572
W-itFd4DQr1J1z0I1Eekww,297,40.750479,-73.979676
4c1MgQ9oRSfi1I8NZ4miAg,300,40.750523,-73.97978
tUI6EOGjATZFQLf3wSui6A,299,40.750566,-73.979881
MVezC8q96NDFWlMgypa25A,299,40.75061,-73.979984
sULAwetXeZ0uP7MKlk4oag,297,40.750658,-73.980096
vPohKfn940pd_3-k5KlyqQ,298,40.748797,-73.983324
e_ES8LSaTG5j1elgASnlCg,299,40.748885,-73.983531
HLmZbUGFXpHrKmiqDikekQ,306,40.74893,-73.983637
auriLOCfNNagpPEwdaqkxw,299,40.748977,-73.98375
TelJyDaIOConPyu5EBZa9g,298,40.749024,-73.983859
paOEJH5Gq0m_1hgoOKWzqg,298,40.749074,-73.983977
K9-eq9DYvMIEZh7qGjMv5w,207,40.749112,-73.984067
GlmJcaGk-veq-b9Z_jliDg,207,40.749073,-73.984097
By36SNjant8OK9u4tg--eg,209,40.748995,-73.984155
CmVloI5UuO2rewk8KHglzg,209,40.748917,-73.984214
v6Pis8KPIfa8onjflVgZKQ,208,40.748831,-73.984279
mkpOE7GZf2hfTpA1ClrKiw,208,40.748753,-73.984338
gvLXPI6FjjajbPZ4bcxe0g,208,40.748675,-73.984396
doXX1du9Cqx7Y8MTTtJuBw,209,40.748596,-73.984455
HQ0c4p5fMJA-za3_wJcaRA,209,40.748518,-73.984514
r32ho8hs1kR_hv4zcUD9Jg,118,40.748439,-73.984573
KKCqH2ZEPnlt5lzrPeDm7A,118,40.748415,-73.984515
DwpT_jstlaev7PQoXVEf2w,117,40.748335,-73.984322
uRzqe4Ecr-hz5EAPRu413Q,118,40.748301,-73.984239
DkodCGJF3DXBHvdxz201QQ,117,40.748256,-73.984131
bsFq6FqVk1IvYCsa5YJZsg,117,40.748211,-73.984022
hjrEIx5Qm-rBa0bk7Xrw1w,118,40.748168,-73.983917
GF3HhT1HehJxWxNPDwW1ug,121,40.748129,-73.983824
T5tLm_XGdgNcssA2pyJHbw,123,40.748063,-73.98367
Nfmsc6pwcpce7ZnjR8kadw,119,40.74799,-73.983501
jFEIFfbrjRS6D9JIR95qcg,121,40.747972,-73.98346
xNuVYo06aDGwl6uA2MDQNQ,118,40.747895,-73.983272
WhI29Nn-cP0nnt7sVnbj3A,119,40.747852,-73.983168
wOugublwZm8C1AmlKRgz2Q,119,40.747809,-73.983063
ajB6Sy3oDnZ9UDBmjn2b_g,28,40.747804,-73.982929
IjyCipC6KnADvbrdr-xSOw,28,40.747883,-73.982871
JCN7ZrhCV8J5ZLZjQ4l8HA,28,40.747962,-73.982814
k2qkhWczso145qKH-TIAOg,29,40.748041,-73.982757
Ms4SHBKG8a1G2CySdWYfjg,29,40.74812,-73.9827
QT8inBiYdyeszcsxYOQw_g,116,40.750883,-73.998105
ZO7Fgeam2fx-KrSTQKZrqQ,116,40.750821,-73.997997
uY3ge6P8h3LWazkA3Rxr4Q,117,40.750782,-73.997916
382-BJe8hTExawuu-YLuYg,118,40.750732,-73.997805
AUzzP61ksd38egnILTcAJw,117,40.750644,-73.997599
fkjTCa7NWjRupTZrUT7G4A,117,40.750613,-73.997526
SrURcLfJyn_PExTeiDX1nw,116,40.75057,-73.997422
sLx3SgXzFhQYWfRoc7lRlg,114,40.750526,-73.997319
jk8Bij3iJYDDY--FBUy5Dw,116,40.750482,-73.997215
HYa77amatRSUxHIJsyX0hA,116,40.750438,-73.997111
pdEj-rJtbc0rBmDwHDau0g,116,40.750394,-73.997008
GQ-ZMc0cYeTlpHZDTUFkuQ,118,40.750346,-73.996893
ZRkPotVaQJNLYoLK_bzrnA,118,40.750303,-73.99679
kDtx0OeiE6yXExYGECf4Wg,117,40.750254,-73.996676
how_P56XG-fP_DL4YME82A,116,40.750211,-73.996572
BxK0EVRy2HgpJC6PzB3DJw,119,40.750158,-73.996448
_zICFiXAch3i9vdqReRO4A,119,40.750114,-73.996344
VpdbjbCil27DFbMZAH_XhA,118,40.750027,-73.996136
_Dgy2U4qDNwqMML9qQS32w,118,40.749983,-73.996033
10EUptS0Dd3rr-ZRoqVuHw,118,40.749935,-73.995919
tX4H1quj8odcq4ZfENMdQw,106,40.749883,-73.995795
c5JaB1rzIueVHGiZNnE6ag,121,40.749817,-73.995639
BumdRbf6uIfClr5zt7DfzA,117,40.749774,-73.995535
CLbxzmL-Ydd8mY6_R3ojlA,117,40.749735,-73.995442
ChISwGrIRkMQW2KYB5reyQ,117,40.749691,-73.995338
1kO_XaLy0bsKLtuWz2We4g,77,40.749657,-73.995257
c0ZN9LLg5n-5wrvj57trFw,50,40.749706,-73.995275
_BWaBEXAMxKql5Ng2U3aEg,18,40.749753,-73.995241
nzCARY9H3-DyzAt8YoVM-A,27,40.74984,-73.995177
T5QA_YpaBhB2nrw4l0B03w,28,40.749926,-73.995113
V-yihD6OS-OP8wI9ANVbHg,28,40.750012,-73.995049
l75kNBKDaVH0qw4lpZ3nUQ,118,40.739065,-73.989495
AtbvI-y-4DcPtW2bnrkPyg,117,40.739018,-73.989387
rogVDA1wGWwoLtKk7jTFVw,118,40.738972,-73.98928
S9efekyzK5IOrLOx_UgCsg,118,40.738925,-73.989171
-_B-VfxUI1-k1y8rfGaSiQ,118,40.73888,-73.989066
VPEHEaLf-o0K5AtgHFJxGg,119,40.738833,-73.988956
TpC_yd7VLk5Xis5wsGfabQ,119,40.738791,-73.988859
Jzedjt7KH9dM3uorqfAuNA,119,40.738744,-73.988751
AHjNeSEm2TupLk8a2KLIlg,117,40.738698,-73.988643
faFXFEItolzvfE0JpTtfng,117,40.738654,-73.988539
EXQbXyYjZvDqn6DHzArpFg,119,40.738617,-73.988451
2G_MuNhZG3XvmmC0YriqFQ,119,40.738525,-73.98823
nfoTCJCzVqkBrZ9tCaZi8Q,119,40.738457,-73.988062
7akVLDMiMrmIvRgeJh3W6g,133,40.738414,-73.987958
QyLP5Bdj2kZaIbWLeFFcGQ,124,40.738368,-73.987842
Pxl2cUqcrY2xJ20sluFE9Q,121,40.738342,-73.98778
MXFWyGOxJJSnx6xue5HeTQ,207,40.738377,-73.987755
p4TqedRHGpi6H1UNH50iNQ,209,40.738464,-73.987693
O3q9KxFlAhWz867JJeH58A,209,40.738544,-73.987637
NhxhRqmHSzMiB8k-Xq2wMA,208,40.738647,-73.987564
c71naAaiPyD-5J8GBI6sLA,208,40.738726,-73.987507
kZZL6KlRBGTAkf-R-27pfw,208,40.738805,-73.987451
wQVd8dWYhnelCV-76HYAOw,210,40.738892,-73.987389
1hIEW0zrcPiqs6vcIFyr_A,297,40.738957,-73.987424
tryk5J7DDKr_NjTDoIazkw,297,40.739,-73.987528
VMhaIxu91G6Fs4_pGgQ7pQ,298,40.739043,-73.987633
nYGlUwWEwpcADelzJKgMUA,298,40.739086,-73.987737
7eX2XPKHPqGuVdxokVk8tw,298,40.739129,-73.987843
Nt8BtEZ1MPmx4U8_TK0BgA,298,40.739172,-73.987948
bEnjwuNrkOfGHM7gl2auBQ,119,40.725703,-73.988264
7jZlxlSV5Sy0ptagunzJOQ,119,40.725663,-73.988168
yNunpZ-y-8tTxoqv0VDG3g,119,40.725623,-73.988072
HW40OK4Kqy3J5JEPZDG_hw,119,40.725584,-73.987981
6_kFRWpvliAAKtMjnqJ2LA,117,40.725546,-73.98789
Sn4H5dXGAOlfcTQbZ224qw,117,40.725501,-73.987782
hCIerv_WGJeWDm8xU0Zf1A,117,40.725454,-73.987671
5JZnJkEmJpW-3je5f6oHNg,118,40.725408,-73.987561
FRsKPgoLxap-OdxFzShIYA,118,40.725363,-73.987453
yR2BIfk7en_KJDk0qs64yQ,118,40.72532,-73.987351
hs0RUtLjNDxF8e9OluDtRg,118,40.725279,-73.987254
akecK4btfZWkcko5b7Qbag,117,40.725241,-73.987162
eZyVMzYNPgRnYjGLxE7kJw,40,40.725241,-73.987012
5qbRyZr6P6XP_4PdakM6zw,31,40.725319,-73.986954
ncf1Q_gRmMoR2myiD0XEwQ,26,40.725392,-73.9869
l54e_FkzSWM7Fe-kUuEHog,24,40.725439,-73.986866
LuOf2OWkSyp6Y934qYme-Q,23,40.725536,-73.986797
Tmlymu3510m8n6gXW5RfKQ,25,40.725646,-73.986717
i7BN2dHEO2-eXcP6lYa86Q,25,40.725725,-73.98666
p7lOF_nlT6MZHJaXnnM3nA,298,40.761662,-73.994322
lwEX_o1egi2iWaS7o9dPQw,298,40.761703,-73.994427
Gs3ZsJdq5fkxnmhBW26-KA,298,40.761761,-73.994575
OMrx7vViXx2reVVXV_qL1A,298,40.761784,-73.994626
rkH_AyRFx31Q1KeB8n34NA,298,40.761828,-73.994725
346hy2uvxb8ciCGVxjbAGQ,297,40.761868,-73.994818
pWO0NlxnBJYQXFXWIbDvpw,299,40.761917,-73.994931
HIU0pRZ9MrKKt6xS9djRRg,295,40.761978,-73.995077
1bDN4NKy_lJzl24Y-dZERg,296,40.762022,-73.995181
ZrsjKFzZeQtkTZC9SLQqMg,208,40.739792,-73.979542
KXECTkBqGJTOihhIk37UmQ,209,40.739753,-73.979571
afNs0hlEr-ryC6sEPzGdzg,209,40.739675,-73.979629
M6jgdx9m6uQClrBVWuhfmw,209,40.739596,-73.979687
ylWXVXXfq13IvN1sy6J5bw,209,40.739518,-73.979745
3E5mdgmsQRnyMmVDBQVyWw,208,40.739439,-73.979803
Zk65kmcdAZIvyJ7WBpMEBg,208,40.739361,-73.979861
KJ7ldDz272fB-uBg68C21Q,208,40.739282,-73.979919
n3zk8bE-7AiKrWq9y4ykTg,208,40.739191,-73.979987
3y8qmpdFNECBk9CdfG8Kpw,257,40.739204,-73.980031
5hVaIZEvbRwxggipFMhRgg,296,40.739252,-73.980145
hycGVlIxx4PoOw9YxhvBng,299,40.739296,-73.980249
mNlImOgBUHjOaTjQVpb6yQ,300,40.739339,-73.980353
LN9XkWFUJ1nxlnwlEdSAqA,300,40.739383,-73.980457
K_w9FckBDaK4ad0bmNviyw,301,40.739426,-73.980561
vGzKufgbm38-C-t3fmAtZg,300,40.73947,-73.980664
bMtHS8O34yy3ILMFv_c5OQ,296,40.739514,-73.980768
ofN0D4L42fyDWrXug3QLsg,296,40.739557,-73.980872
dHagT3eKBEY4BfalLVhnfg,295,40.739601,-73.980976
M08ohem1NVzqZAEkjMAVDg,299,40.739645,-73.981079
yIUzvJZL5MY4UjK-3YzFZw,302,40.739684,-73.981173
35lDXGnWzxGRKIsBgn6--w,298,40.726974,-73.989396
ySSpflnWoyM_wanRVKXoMQ,299,40.727018,-73.9895
B7i9-ROpztC37y39h8FE0A,299,40.727062,-73.989604
VUKcdGz18SbSAQyHcpgNeA,299,40.727105,-73.989708
It1BpXWqBQXdgD7HJlAcHw,298,40.727149,-73.989811
KD9-b3iv2kyl8myDLlhNWA,298,40.727193,-73.989915
dxC0i4kGxz205WJwEfI3FQ,297,40.727236,-73.990019
iI9fXJeBaK8Uja4ej8AMWA,296,40.72728,-73.990123
XK9scZAf87MzSKEf0BPZDQ,298,40.727328,-73.990237
sg8Nc9QPkuRBuJgl77DybQ,299,40.727371,-73.990341
N2zVtxUCRPhTGRFFhndjfQ,298,40.727415,-73.990444
Dz_rwddJtPPYYU9rt10b9w,298,40.727459,-73.990548
d7-_OY7PZ5G0kDwW7rieXA,299,40.727502,-73.990652
M2ydN842sypsJORAE9ES_Q,298,40.727546,-73.990756
XbUh_CgDvgg7tx9UVim2SA,298,40.727633,-73.990963
r7QQpOwPbfLQ3cHfEeYkaQ,297,40.727668,-73.991046
w2S67vh5-cKHah1d-cQNbw,296,40.727722,-73.991174
odiC5ZNV1wvXyyhdWZ5fVw,291,40.727742,-73.991227
ZMOmY5K53znbLDNRboDMlA,265,40.727759,-73.991276
m-Mw8GSwoSaWs0HAgcDWow,227,40.727742,-73.991323
gVI-pON3rxOzAFRMLatdNA,207,40.727699,-73.991354
qUKpEm4v7fODpjcHHFjp4g,205,40.727648,-73.991378
4dGo17OchieqXI0zF_FIDg,206,40.727561,-73.991433
6xJmXoy4MnlM_-apK5noQw,198,40.727486,-73.991505
h2MBTk3njOoBedjJSOK2TQ,196,40.727364,-73.991542
gwV9amwj-Ayfs6DvjQGUbw,195,40.727275,-73.99157
0ezR_p3ru6oPyu86-zcY8g,195,40.727179,-73.9916
OPlkdlS30xNN0EgrhKtP3w,195,40.727127,-73.991616
9QoEc1RnSvNkJCekODLTUw,77,40.727112,-73.991585
vF9-wTNB8vpJUGeSHe4nqw,71,40.72705,-73.991439
D79H5uGzZSLJW5NboHG2Dg,15,40.727124,-73.991473
qhxyFQ5-EBvuW9JLKLd7mQ,15,40.727211,-73.991444
tdPOkXqfZI8Md5p1lzq5-w,15,40.727298,-73.991414
Rdxa0WYqmJlCw2VWtnm90g,16,40.727386,-73.991385
